MeshAnim
1
49
67
24
1 6.394884E-14 2.384185E-07 0
0 0.9999998 -2.980232E-07 0
-2.384185E-07 2.980232E-07 0.9999998 0
0 0 0 1

1 -2.742072E-14 2.720058E-08 0
2.720053E-08 -4.172324E-07 -0.9999998 0
2.131627E-14 0.9999998 -4.172324E-07 0
-0.3418753 0.4253261 -0.7283613 1

1 -1.917785E-14 5.485907E-08 0
5.4859E-08 -1.192093E-07 -0.9999998 0
1.421087E-14 0.9999998 -1.192093E-07 0
-0.3781768 1.072124 0.4793615 1

1 -4.06004E-14 -1.702308E-08 0
-1.702315E-08 -1.192093E-07 -0.9999998 0
1.421087E-14 0.9999998 -1.192093E-07 0
-0.2462368 0.2220724 0.2204801 1

0.9999647 0.007596347 0.00359157 0
-0.008356744 0.8544786 0.519419 0
0.0008767684 -0.5194306 0.8545119 0
0.07922135 0.7789057 -0.1340774 1

1 -2.742069E-14 2.720067E-08 0
2.720058E-08 -4.172324E-07 -0.9999998 0
2.131627E-14 0.9999998 -4.172324E-07 0
0.3418753 0.4253261 -0.926473 1

1 -1.917785E-14 5.485907E-08 0
5.4859E-08 -1.192093E-07 -0.9999998 0
1.421087E-14 0.9999998 -1.192093E-07 0
0.4858797 1.438073 0.5502087 1

1 -4.06004E-14 -1.702308E-08 0
-1.702315E-08 -1.192093E-07 -0.9999998 0
1.421087E-14 0.9999998 -1.192093E-07 0
0.2462368 0.2220724 0.3793681 1

1 -4.587512E-14 -1.421085E-14 0
2.884464E-14 0.9999997 -5.960463E-07 0
8.526513E-14 5.960463E-07 0.9999997 0
-0.5460402 1.507712 -0.9504902 1

1 -1.584436E-14 -3.638705E-08 0
-3.638712E-08 -1.192093E-07 -0.9999998 0
-1.694066E-20 0.9999998 -1.192093E-07 0
-0.4067915 1.240027 -0.8166885 1

1 -9.777783E-15 1.696307E-09 0
1.696236E-09 -2.19046E-07 -0.9999998 0
-1.421089E-14 0.9999998 -2.19046E-07 0
-0.2272475 0.4347516 -0.288431 1

-1 -0.0002151167 0.0004234316 0
-0.000148999 0.9886295 0.1503679 0
-0.0004509645 0.150368 -0.9886299 0
0.0767102 1.035671 0.02200455 1

-1 -0.0002157104 0.0004233508 0
0.0004707716 -0.5703622 0.821393 0
6.427987E-05 0.8213933 0.570362 0
0.07922135 0.7789057 -0.1340774 1

0.6185657 0.03470546 -0.7849663 0
-0.7822755 -0.06642033 -0.6193817 0
-0.07363362 0.997188 -0.01393606 0
0.07922135 0.7789057 -0.1340774 1

0.6191847 0.1998098 0.7593983 0
0.7817782 -0.06608409 -0.6200445 0
-0.0737069 0.9776035 -0.1971253 0
0.07417729 0.7789046 -0.1340753 1

1 -4.321059E-14 5.151104E-21 0
2.618011E-14 0.9999997 -5.960463E-07 0
8.526513E-14 5.960463E-07 0.9999997 0
0.5460402 1.507711 -1.148602 1

1 -1.584436E-14 -3.638705E-08 0
-3.638712E-08 -1.192093E-07 -0.9999998 0
-1.694066E-20 0.9999998 -1.192093E-07 0
0.4588153 0.7596501 -0.7458411 1

1 -9.777783E-15 1.696307E-09 0
1.696236E-09 -2.19046E-07 -0.9999998 0
-1.421089E-14 0.9999998 -2.19046E-07 0
0.2272475 0.4347516 -0.1295428 1

-1 -0.0002150846 0.000423508 0
-0.0001211147 0.9775923 0.2105044 0
-0.000459295 0.2105045 -0.9775928 0
0.07667199 1.289167 0.06056064 1

-0.08102921 -0.06524555 -0.9945735 0
-0.5543286 -0.8263439 0.09937154 0
-0.8283442 0.5593724 0.03079042 0
0.07667199 1.289167 0.06056064 1

-0.0809979 -0.1719337 -0.981772 0
0.5547674 -0.8261049 0.09890346 0
-0.8280532 -0.5366445 0.1622964 0
0.07667199 1.289167 0.06056064 1

1 0.0002154166 -0.0004236314 0
-0.0004283959 0.02261559 -0.9997441 0
-0.0002057802 0.9997436 0.02261537 0
-0.1925123 0.9351979 0.2255165 1

1 0.0002154166 -0.0004236314 0
-0.0004283959 0.02261559 -0.9997441 0
-0.0002057797 0.9997435 0.02261534 0
0.229458 0.9548653 0.3454708 1

-0.2947296 0.01577311 -0.9554501 0
-0.9382259 -0.1944696 0.2862056 0
-0.1812917 0.9807815 0.07211462 0
0.07931364 0.6670813 0.02696375 1

-0.2939762 -0.8827618 0.3664829 0
0.9385518 -0.1940655 0.2854106 0
-0.1808281 0.4278671 0.8855679 0
0.07426959 0.6670802 0.02696586 1

0.896072 0.1307165 -0.4242273 0
-0.372054 0.7424362 -0.5571033 0
0.2421391 0.6570401 0.7139098 0
-0.1022954 0.7634938 -0.2777968 1

0.9684371 -0.2173803 0.1219638 0
0.2402067 0.6832582 -0.6895351 0
0.06655874 0.697068 0.7139088 0
0.2555786 0.7635707 -0.2779484 1

-1 -0.000215906 0.0004244276 0
0.0001524808 0.699189 0.7149362 0
-0.0004511147 0.714936 -0.6991895 0
0.07662871 1.638495 0.1357812 1

-0.02243266 -0.2896905 -0.9568573 0
-0.9269291 -0.3525594 0.1284692 0
-0.3745656 0.8898202 -0.2606139 0
0.07662871 1.638495 0.1357812 1

-0.02241378 -0.3431288 -0.9390206 0
0.8850014 -0.4437196 0.1410161 0
-0.4650488 -0.8278734 0.3136152 0
0.07662871 1.638495 0.1357812 1

-0.5460495 0.5267926 -0.6513981 0
-0.3563936 -0.8497569 -0.3884529 0
-0.7581646 0.02003948 0.6517547 0
-0.05605951 1.091303 0.08435469 1

-0.912457 -0.2223212 0.3435047 0
0.2903302 -0.943342 0.1606642 0
0.2883236 0.2463285 0.9253051 0
0.2095086 1.09136 0.08424258 1

1 0.0002153337 -0.0004236337 0
-0.0004283956 0.02261559 -0.9997441 0
-0.0002056978 0.9997436 0.02261537 0
-0.5315495 1.277315 -0.5033566 1

1 0.0002153337 -0.0004236337 0
-0.0004283954 0.02261541 -0.9997441 0
-0.0002056978 0.9997435 0.02261523 0
0.7153783 1.184868 -0.3523268 1

0.06324968 0.3806271 -0.9225626 0
-0.4101026 -0.8328465 -0.3717284 0
-0.9098437 0.4018571 0.1034188 0
-0.1010526 0.6296961 0.0819844 1

-0.04234425 -0.04749811 -0.997973 0
-0.04341469 -0.9978384 0.04933377 0
-0.9981594 0.04541571 0.04019077 0
0.2546985 0.6297727 0.08183379 1

0.9845414 -0.005870724 -0.1750554 0
-0.03682438 -0.9840385 -0.1741052 0
-0.1712388 0.1778596 -0.9690422 0
-0.3134525 1.184859 -0.5939775 1

0.9909945 -0.02147232 -0.1321691 0
-0.06482019 -0.9406247 -0.3332019 0
-0.1171671 0.3387685 -0.9335454 0
0.3919066 1.15135 -0.6692901 1

1 0.0002150599 -0.0004233888 0
5.456768E-05 0.8336293 0.5523235 0
0.0004717322 -0.5523233 0.8336297 0
0.07665381 1.753606 0.2534851 1

0.4715729 0.6560015 -0.5893054 0
-0.02804378 -0.6567827 -0.7535577 0
-0.8813809 0.3718834 -0.2913243 0
-0.2864036 1.500415 0.1860963 1

0.1555325 0.36544 -0.917749 0
0.004185793 -0.9292897 -0.369326 0
-0.9878219 0.05360071 -0.1460646 0
0.4232401 1.464712 0.1910101 1

-0.9785417 -0.005150956 -0.2059872 0
-0.2026548 0.2048206 0.9575899 0
0.03725785 0.9787854 -0.2014697 0
-0.1426707 0.8847939 -0.01004761 1

-0.9451135 0.1628689 -0.2832571 0
-0.2056929 0.3770017 0.9030824 0
0.2538728 0.911779 -0.3228087 0
0.280065 0.8621075 0.1232874 1

-0.9605254 0.261667 0.09445412 0
-0.03967481 -0.4649059 0.8844702 0
0.2753492 0.8458087 0.4569354 0
-0.2345945 0.358496 -0.03906162 1

-0.9809712 0.180021 0.07272106 0
0.01934157 -0.2820786 0.959196 0
0.1931885 0.9423506 0.2732289 0
0.2405613 0.3048461 0.09789839 1

0.9972643 -0.07388315 0.002381612 0
-0.07392171 -0.9967453 0.03215328 0
-1.499553E-06 -0.03224187 -0.9994804 0
-0.3418755 0.4253257 -0.7283613 1

0.9972637 0.07388288 -0.002384355 0
0.07392128 -0.9967448 0.0321532 0
-1.114917E-06 -0.03224181 -0.9994798 0
0.3418749 0.4253258 -0.9264731 1

-0.9864985 -0.09652808 0.1323002 0
0.1637089 -0.6035287 0.7803538 0
0.004520928 0.7914759 0.6111827 0
0.002192821 1.735437 0.2651805 1

-0.9866508 0.1032118 -0.125967 0
-0.1627879 -0.603599 0.7804918 0
0.004522431 0.7905784 0.6123433 0
0.1511325 1.735469 0.2651173 1

-0.939438 -0.2835643 -0.1924762 0
-0.1258121 -0.2370624 0.9633133 0
-0.31879 0.9291884 0.1870297 0
-0.2982614 1.222705 -0.1325327 1

-0.9525283 0.2897569 -0.09343995 0
0.09583027 0.5766641 0.8113413 0
0.2889753 0.7638707 -0.5770565 0
0.42501 1.071777 0.03484699 1

0.936251 0.3125924 -0.1603762 0
0.3290363 -0.9401745 0.0883465 0
-0.1231658 -0.1354835 -0.9830935 0
-0.1925316 0.9351876 0.2255563 1

0.7044253 -0.1738837 0.688149 0
-0.2774466 -0.9598435 0.04147213 0
0.6533058 -0.2201386 -0.7243813 0
0.2294566 0.9548644 0.3454805 1

-0.9918846 0.1267463 -0.009993708 0
-0.1259526 -0.9688662 0.2131513 0
0.01733356 0.2126804 0.9769673 0
-0.2462368 0.2220723 0.2204804 1

-0.9918845 -0.1192383 0.04412318 0
0.125953 -0.968867 0.21315 0
0.01733365 0.2169779 0.9760219 0
0.246237 0.2220721 0.3793682 1

0.9784747 -0.02388128 -0.204982 0
-0.2063682 -0.113232 -0.9719007 0
-1.768349E-07 0.9932817 -0.1157227 0
-0.3680698 0.0721264 -0.7169676 1

0.978474 0.02388144 0.2049813 0
0.2063676 -0.1132318 -0.9718997 0
7.555346E-08 0.9932808 -0.1157226 0
0.3680691 0.07212652 -0.9150796 1

0.9293156 0.2676165 0.254468 0
0.1987198 -0.9432057 0.2662177 0
0.3112603 -0.1968323 -0.9297175 0
-0.3781769 1.072124 0.4793614 1

0.9443216 -0.3264988 0.04069028 0
-0.1854382 -0.4259768 0.8855263 0
-0.2717904 -0.8437665 -0.4628045 0
0.485881 1.438073 0.5502089 1

1 1.643784E-06 -9.24338E-07 0
-6.920707E-07 -0.1279717 -0.9917766 0
-1.831669E-06 0.9917774 -0.127972 0
-0.2709228 0.0321802 0.2622568 1

0.9999999 7.343473E-07 -1.338078E-06 0
-1.065065E-06 -0.1279706 -0.9917772 0
-9.068657E-07 0.9917783 -0.1279705 0
0.2709231 0.03217977 0.4211444 1

0.9293153 0.2676167 0.2544686 0
0.3225731 -0.2528096 -0.912159 0
-0.1797765 0.9297672 -0.321266 0
-0.3243811 0.8167866 0.5514296 1

0.8614618 0.3358121 0.3809377 0
0.5077969 -0.5621637 -0.6527739 0
-0.005059529 0.755778 -0.6548077 0
-0.2970111 0.8815615 0.528448 1

0.962682 0.1672492 0.2127689 0
0.2698728 -0.5343157 -0.8010464 0
-0.02028812 0.8285727 -0.5595125 0
-0.3676069 0.8540042 0.5222226 1

0.9443218 -0.3264982 0.04069043 0
-0.2823791 -0.8677002 -0.4090943 0
0.1688756 0.3748262 -0.9115846 0
0.4356806 1.322756 0.7899316 1

0.880457 -0.4687158 0.07142428 0
-0.4694925 -0.8829122 -0.006544954 0
0.06612905 -0.02777033 -0.9974248 0
0.4076124 1.346667 0.7257952 1

0.9639521 -0.2409254 0.1129249 0
-0.2269952 -0.9660478 -0.1233858 0
0.1388176 0.09330484 -0.985913 0
0.4790393 1.327012 0.7429363 1

1 6.394884E-14 2.384185E-07 0
0 0.9999998 -2.980232E-07 0
-2.384185E-07 2.980232E-07 0.9999998 0
0 0 0 1

1 -2.742072E-14 2.720058E-08 0
2.720053E-08 -4.172324E-07 -0.9999998 0
2.131627E-14 0.9999998 -4.172324E-07 0
-0.3418753 0.4253261 -0.7283613 1

1 -1.917785E-14 5.485907E-08 0
5.4859E-08 -1.192093E-07 -0.9999998 0
1.421087E-14 0.9999998 -1.192093E-07 0
-0.3787213 1.068534 0.4760359 1

1 -4.06004E-14 -1.702308E-08 0
-1.702315E-08 -1.192093E-07 -0.9999998 0
1.421087E-14 0.9999998 -1.192093E-07 0
-0.2462368 0.2220724 0.2204801 1

0.9999647 0.007596347 0.00359157 0
-0.008356744 0.8544786 0.519419 0
0.0008767684 -0.5194306 0.8545119 0
0.07854739 0.7838283 -0.1365145 1

1 -2.742069E-14 2.720067E-08 0
2.720058E-08 -4.172324E-07 -0.9999998 0
2.131627E-14 0.9999998 -4.172324E-07 0
0.3418753 0.4253261 -0.926473 1

1 -1.917785E-14 5.485907E-08 0
5.4859E-08 -1.192093E-07 -0.9999998 0
1.421087E-14 0.9999998 -1.192093E-07 0
0.4852246 1.434419 0.5468832 1

1 -4.06004E-14 -1.702308E-08 0
-1.702315E-08 -1.192093E-07 -0.9999998 0
1.421087E-14 0.9999998 -1.192093E-07 0
0.2462368 0.2220724 0.3793681 1

1 -4.587512E-14 -1.421085E-14 0
2.884464E-14 0.9999997 -5.960463E-07 0
8.526513E-14 5.960463E-07 0.9999997 0
-0.5460402 1.507712 -0.9504902 1

1 -1.584436E-14 -3.638705E-08 0
-3.638712E-08 -1.192093E-07 -0.9999998 0
-1.694066E-20 0.9999998 -1.192093E-07 0
-0.4073359 1.236437 -0.8200141 1

1 -9.777783E-15 1.696307E-09 0
1.696236E-09 -2.19046E-07 -0.9999998 0
-1.421089E-14 0.9999998 -2.19046E-07 0
-0.2272475 0.4347516 -0.288431 1

-1 -0.0002151167 0.0004234316 0
-0.000148999 0.9886295 0.1503679 0
-0.0004509645 0.150368 -0.9886299 0
0.07603624 1.040593 0.01956746 1

-1 -0.0002157104 0.0004233508 0
0.0004707716 -0.5703622 0.821393 0
6.427987E-05 0.8213933 0.570362 0
0.07854738 0.7838283 -0.1365145 1

0.6185657 0.03470546 -0.7849663 0
-0.7822755 -0.06642033 -0.6193817 0
-0.07363362 0.997188 -0.01393606 0
0.07854738 0.7838283 -0.1365145 1

0.6191847 0.1998098 0.7593983 0
0.7817782 -0.06608409 -0.6200445 0
-0.0737069 0.9776035 -0.1971253 0
0.07350333 0.7838272 -0.1365123 1

1 -4.321059E-14 5.151104E-21 0
2.618011E-14 0.9999997 -5.960463E-07 0
8.526513E-14 5.960463E-07 0.9999997 0
0.5460402 1.507711 -1.148602 1

1 -1.584436E-14 -3.638705E-08 0
-3.638712E-08 -1.192093E-07 -0.9999998 0
-1.694066E-20 0.9999998 -1.192093E-07 0
0.4581602 0.755996 -0.7491666 1

1 -9.777783E-15 1.696307E-09 0
1.696236E-09 -2.19046E-07 -0.9999998 0
-1.421089E-14 0.9999998 -2.19046E-07 0
0.2272475 0.4347516 -0.1295428 1

-1 -0.0002150846 0.000423508 0
-0.0001211147 0.9775923 0.2105044 0
-0.000459295 0.2105045 -0.9775928 0
0.07599802 1.29409 0.05812356 1

-0.08102921 -0.06524555 -0.9945735 0
-0.5543286 -0.8263439 0.09937154 0
-0.8283442 0.5593724 0.03079042 0
0.07599802 1.29409 0.05812356 1

-0.0809979 -0.1719337 -0.981772 0
0.5547674 -0.8261049 0.09890346 0
-0.8280532 -0.5366445 0.1622964 0
0.07599802 1.29409 0.05812356 1

1 0.0002154166 -0.0004236314 0
-0.0004283959 0.02261559 -0.9997441 0
-0.0002057802 0.9997436 0.02261537 0
-0.1931862 0.9401205 0.2230794 1

1 0.0002154166 -0.0004236314 0
-0.0004283959 0.02261559 -0.9997441 0
-0.0002057797 0.9997435 0.02261534 0
0.228784 0.9597878 0.3430337 1

-0.2947296 0.01577311 -0.9554501 0
-0.9382259 -0.1944696 0.2862056 0
-0.1812917 0.9807815 0.07211462 0
0.07863968 0.6720039 0.02452666 1

-0.2939762 -0.8827618 0.3664829 0
0.9385518 -0.1940655 0.2854106 0
-0.1808281 0.4278671 0.8855679 0
0.07359562 0.6720028 0.02452878 1

0.8951865 0.1312234 -0.4259368 0
-0.3759619 0.7355815 -0.5635355 0
0.2393622 0.6646051 0.7078177 0
-0.1029693 0.7684163 -0.2802338 1

0.9679948 -0.2173681 0.1254472 0
0.2421521 0.6776025 -0.6944183 0
0.06594101 0.7025707 0.7085519 0
0.2549046 0.7684932 -0.2803855 1

-1 -0.000215906 0.0004244276 0
0.0001524808 0.699189 0.7149362 0
-0.0004511147 0.714936 -0.6991895 0
0.07595475 1.643417 0.1333441 1

-0.02243266 -0.2896905 -0.9568573 0
-0.9269291 -0.3525594 0.1284692 0
-0.3745656 0.8898202 -0.2606139 0
0.07595475 1.643417 0.1333441 1

-0.02241378 -0.3431288 -0.9390206 0
0.8850014 -0.4437196 0.1410161 0
-0.4650488 -0.8278734 0.3136152 0
0.07595475 1.643417 0.1333441 1

-0.5460495 0.5267926 -0.6513981 0
-0.3563936 -0.8497569 -0.3884529 0
-0.7581646 0.02003948 0.6517547 0
-0.05673348 1.096226 0.0819176 1

-0.912457 -0.2223212 0.3435047 0
0.2903302 -0.943342 0.1606642 0
0.2883236 0.2463285 0.9253051 0
0.2088346 1.096282 0.08180549 1

1 0.0002153337 -0.0004236337 0
-0.0004283956 0.02261559 -0.9997441 0
-0.0002056978 0.9997436 0.02261537 0
-0.5322234 1.282237 -0.5057938 1

1 0.0002153337 -0.0004236337 0
-0.0004283954 0.02261541 -0.9997441 0
-0.0002056978 0.9997435 0.02261523 0
0.7147043 1.18979 -0.3547639 1

0.05794832 0.3692593 -0.9275175 0
-0.4042856 -0.8408062 -0.3599966 0
-0.9127952 0.3958433 0.1005629 0
-0.1017266 0.6346187 0.07954732 1

-0.04124713 -0.06041767 -0.9973203 0
-0.03986718 -0.9972758 0.06206382 0
-0.9983534 0.04232029 0.03872623 0
0.2540245 0.6346953 0.0793967 1

0.9844379 -0.003005311 -0.1757085 0
-0.03236248 -0.9858541 -0.1644542 0
-0.1727284 0.1675808 -0.9706088 0
-0.3163443 1.185891 -0.6000651 1

0.9912201 -0.02317224 -0.1301753 0
-0.06501032 -0.9427125 -0.3272107 0
-0.1151359 0.3328005 -0.9359419 0
0.3923367 1.153063 -0.6744986 1

1 0.0002150599 -0.0004233888 0
5.456768E-05 0.8336293 0.5523235 0
0.0004717322 -0.5523233 0.8336297 0
0.07597984 1.758529 0.251048 1

0.4695534 0.6555098 -0.5914611 0
-0.02465414 -0.6599075 -0.7509415 0
-0.8825596 0.3671889 -0.293701 0
-0.2870776 1.505337 0.1836593 1

0.1576042 0.3839384 -0.9098088 0
-0.006161823 -0.9209223 -0.3896957 0
-0.987483 0.06702381 -0.1427755 0
0.4225661 1.469634 0.188573 1

-0.9785417 -0.005150956 -0.2059872 0
-0.2026548 0.2048206 0.9575899 0
0.03725785 0.9787854 -0.2014697 0
-0.1433446 0.8897164 -0.0124847 1

-0.9451135 0.1628689 -0.2832571 0
-0.2056929 0.3770017 0.9030824 0
0.2538728 0.911779 -0.3228087 0
0.2793911 0.86703 0.1208504 1

-0.9622691 0.2566061 0.09050775 0
-0.04340268 -0.4731191 0.8799283 0
0.2686161 0.8427995 0.4664053 0
-0.2333743 0.3608266 -0.03767848 1

-0.9815581 0.1763137 0.07387391 0
0.01790805 -0.299933 0.9537919 0
0.1903239 0.9375255 0.2912441 0
0.2410426 0.309952 0.09960652 1

0.9972939 -0.07347404 0.002583739 0
-0.07351956 -0.9967161 0.03393541 0
8.211807E-05 -0.03403397 -0.999421 0
-0.3413234 0.4249568 -0.7269996 1

0.9972626 0.07389949 -0.002378933 0
0.07393768 -0.9967687 0.03136802 0
-5.33514E-05 -0.03145818 -0.9995049 0
0.3421582 0.425427 -0.9270575 1

-0.9864985 -0.09652808 0.1323002 0
0.1637089 -0.6035287 0.7803538 0
0.004520928 0.7914759 0.6111827 0
0.001518857 1.740359 0.2627434 1

-0.9866508 0.1032118 -0.125967 0
-0.1627879 -0.603599 0.7804918 0
0.004522431 0.7905784 0.6123433 0
0.1504585 1.740391 0.2626802 1

-0.937247 -0.2864558 -0.1987737 0
-0.1276445 -0.2486207 0.9601535 0
-0.3244607 0.9252725 0.1964544 0
-0.2975021 1.226307 -0.1338636 1

-0.9495432 0.3019932 -0.08466496 0
0.1036353 0.5568926 0.8240936 0
0.2960198 0.7737374 -0.5600908 0
0.4199607 1.080238 0.02379693 1

0.936251 0.3125924 -0.1603762 0
0.3290363 -0.9401745 0.0883465 0
-0.1231658 -0.1354835 -0.9830935 0
-0.1932055 0.9401101 0.2231192 1

0.7044253 -0.1738837 0.688149 0
-0.2774466 -0.9598435 0.04147213 0
0.6533058 -0.2201386 -0.7243813 0
0.2287827 0.959787 0.3430434 1

-0.9918882 0.1267024 -0.01019829 0
-0.1259498 -0.9688216 0.2133548 0
0.01715224 0.2129089 0.976921 0
-0.2461105 0.2219929 0.2205307 1

-0.991917 -0.1189902 0.04406231 0
0.1256981 -0.9688905 0.2131938 0
0.01732335 0.2170092 0.9760153 0
0.2462975 0.2219385 0.3794906 1

0.9784987 -0.02385172 -0.2048705 0
-0.2062537 -0.1150584 -0.9717106 0
-0.0003949771 0.9930725 -0.1175035 0
-0.3673753 0.07176782 -0.7149744 1

0.9784845 0.02373524 0.2049485 0
0.2063181 -0.1124667 -0.9719994 0
-2.066845E-05 0.9933712 -0.114944 0
0.3683583 0.07221938 -0.9159421 1

0.9270105 0.2697533 0.2605475 0
0.2029974 -0.9450655 0.256206 0
0.3153473 -0.1846149 -0.9308458 0
-0.3785816 1.068383 0.4760234 1

0.9408371 -0.3374288 0.0311078 0
-0.1882442 -0.4441162 0.8759708 0
-0.2817624 -0.8300012 -0.4813604 0
0.4857895 1.433975 0.547259 1

1 4.357523E-05 0.0001755717 0
0.000179794 -0.1282028 -0.9917471 0
-2.059823E-05 0.9917476 -0.1282029 0
-0.2707959 0.03210945 0.2623469 1

0.9999998 -0.00024785 6.446225E-05 0
3.242855E-05 -0.1280069 -0.9917727 0
0.0002541568 0.9917735 -0.1280069 0
0.2709336 0.03204155 0.4212753 1

0.92701 0.2697536 0.2605482 0
0.3269083 -0.2407251 -0.9138833 0
-0.1838024 0.9323531 -0.3113396 0
-0.3236277 0.8125426 0.5453814 1

0.8583754 0.3361456 0.387554 0
0.5129739 -0.5519847 -0.6573965 0
-0.007056427 0.7630971 -0.6462448 0
-0.2965371 0.8777207 0.5232232 1

0.9610592 0.1700465 0.2178284 0
0.2753841 -0.5237511 -0.8061315 0
-0.02299141 0.8347257 -0.5501848 0
-0.3669609 0.8498534 0.5164536 1

0.9408374 -0.3374281 0.0311079 0
-0.2925009 -0.8550429 -0.4281877 0
0.171081 0.3937555 -0.9031546 0
0.4348295 1.313747 0.7843949 1

0.8755091 -0.4796202 0.05872587 0
-0.4789661 -0.8774577 -0.02567429 0
0.06384327 -0.005649684 -0.9979443 0
0.4068924 1.339418 0.7208844 1

0.9615298 -0.2537452 0.1052353 0
-0.2376091 -0.9604883 -0.1449262 0
0.1378516 0.1143458 -0.9838304 0
0.4781378 1.318614 0.7374121 1

1 6.394884E-14 2.384185E-07 0
0 0.9999998 -2.980232E-07 0
-2.384185E-07 2.980232E-07 0.9999998 0
0 0 0 1

1 -2.742072E-14 2.720058E-08 0
2.720053E-08 -4.172324E-07 -0.9999998 0
2.131627E-14 0.9999998 -4.172324E-07 0
-0.3418753 0.4253261 -0.7283613 1

1 -1.917785E-14 5.485907E-08 0
5.4859E-08 -1.192093E-07 -0.9999998 0
1.421087E-14 0.9999998 -1.192093E-07 0
-0.3798777 1.064962 0.4726405 1

1 -4.06004E-14 -1.702308E-08 0
-1.702315E-08 -1.192093E-07 -0.9999998 0
1.421087E-14 0.9999998 -1.192093E-07 0
-0.2462368 0.2220724 0.2204801 1

0.9999647 0.007596347 0.00359157 0
-0.008356744 0.8544786 0.519419 0
0.0008767684 -0.5194306 0.8545119 0
0.07732618 0.7887875 -0.1389216 1

1 -2.742069E-14 2.720067E-08 0
2.720058E-08 -4.172324E-07 -0.9999998 0
2.131627E-14 0.9999998 -4.172324E-07 0
0.3418753 0.4253261 -0.926473 1

1 -1.917785E-14 5.485907E-08 0
5.4859E-08 -1.192093E-07 -0.9999998 0
1.421087E-14 0.9999998 -1.192093E-07 0
0.484113 1.430693 0.5434878 1

1 -4.06004E-14 -1.702308E-08 0
-1.702315E-08 -1.192093E-07 -0.9999998 0
1.421087E-14 0.9999998 -1.192093E-07 0
0.2462368 0.2220724 0.3793681 1

1 -4.587512E-14 -1.421085E-14 0
2.884464E-14 0.9999997 -5.960463E-07 0
8.526513E-14 5.960463E-07 0.9999997 0
-0.5460402 1.507712 -0.9504902 1

1 -1.584436E-14 -3.638705E-08 0
-3.638712E-08 -1.192093E-07 -0.9999998 0
-1.694066E-20 0.9999998 -1.192093E-07 0
-0.4084923 1.232865 -0.8234095 1

1 -9.777783E-15 1.696307E-09 0
1.696236E-09 -2.19046E-07 -0.9999998 0
-1.421089E-14 0.9999998 -2.19046E-07 0
-0.2272475 0.4347516 -0.288431 1

-1 -0.0002151167 0.0004234316 0
-0.000148999 0.9886295 0.1503679 0
-0.0004509645 0.150368 -0.9886299 0
0.07481503 1.045553 0.0171603 1

-1 -0.0002157104 0.0004233508 0
0.0004707716 -0.5703622 0.821393 0
6.427987E-05 0.8213933 0.570362 0
0.07732617 0.7887875 -0.1389216 1

0.6185657 0.03470546 -0.7849663 0
-0.7822755 -0.06642033 -0.6193817 0
-0.07363362 0.997188 -0.01393606 0
0.07732617 0.7887875 -0.1389216 1

0.6191847 0.1998098 0.7593983 0
0.7817782 -0.06608409 -0.6200445 0
-0.0737069 0.9776035 -0.1971253 0
0.07228212 0.7887865 -0.1389195 1

1 -4.321059E-14 5.151104E-21 0
2.618011E-14 0.9999997 -5.960463E-07 0
8.526513E-14 5.960463E-07 0.9999997 0
0.5460402 1.507711 -1.148602 1

1 -1.584436E-14 -3.638705E-08 0
-3.638712E-08 -1.192093E-07 -0.9999998 0
-1.694066E-20 0.9999998 -1.192093E-07 0
0.4570486 0.7522702 -0.7525619 1

1 -9.777783E-15 1.696307E-09 0
1.696236E-09 -2.19046E-07 -0.9999998 0
-1.421089E-14 0.9999998 -2.19046E-07 0
0.2272475 0.4347516 -0.1295428 1

-1 -0.0002150846 0.000423508 0
-0.0001211147 0.9775923 0.2105044 0
-0.000459295 0.2105045 -0.9775928 0
0.07477681 1.299049 0.05571639 1

-0.08102921 -0.06524555 -0.9945735 0
-0.5543286 -0.8263439 0.09937154 0
-0.8283442 0.5593724 0.03079042 0
0.07477681 1.299049 0.05571639 1

-0.0809979 -0.1719337 -0.981772 0
0.5547674 -0.8261049 0.09890346 0
-0.8280532 -0.5366445 0.1622964 0
0.07477681 1.299049 0.05571639 1

1 0.0002154166 -0.0004236314 0
-0.0004283959 0.02261559 -0.9997441 0
-0.0002057802 0.9997436 0.02261537 0
-0.1944074 0.9450798 0.2206722 1

1 0.0002154166 -0.0004236314 0
-0.0004283959 0.02261559 -0.9997441 0
-0.0002057797 0.9997435 0.02261534 0
0.2275628 0.9647471 0.3406265 1

-0.2947296 0.01577311 -0.9554501 0
-0.9382259 -0.1944696 0.2862056 0
-0.1812917 0.9807815 0.07211462 0
0.07741847 0.6769632 0.0221195 1

-0.2939762 -0.8827618 0.3664829 0
0.9385518 -0.1940655 0.2854106 0
-0.1808281 0.4278671 0.8855679 0
0.07237441 0.6769621 0.02212161 1

0.8948953 0.1320885 -0.4262812 0
-0.3793109 0.7283887 -0.57059 0
0.2351301 0.6723112 0.7019343 0
-0.1041906 0.7733756 -0.282641 1

0.9673997 -0.2171008 0.1304038 0
0.2449776 0.6716284 -0.6992146 0
0.0642173 0.7083659 0.7029178 0
0.2536834 0.7734525 -0.2827927 1

-1 -0.000215906 0.0004244276 0
0.0001524808 0.699189 0.7149362 0
-0.0004511147 0.714936 -0.6991895 0
0.07473354 1.648377 0.1309369 1

-0.02243266 -0.2896905 -0.9568573 0
-0.9269291 -0.3525594 0.1284692 0
-0.3745656 0.8898202 -0.2606139 0
0.07473354 1.648377 0.1309369 1

-0.02241378 -0.3431288 -0.9390206 0
0.8850014 -0.4437196 0.1410161 0
-0.4650488 -0.8278734 0.3136152 0
0.07473354 1.648377 0.1309369 1

-0.5460495 0.5267926 -0.6513981 0
-0.3563936 -0.8497569 -0.3884529 0
-0.7581646 0.02003948 0.6517547 0
-0.05795469 1.101185 0.07951044 1

-0.912457 -0.2223212 0.3435047 0
0.2903302 -0.943342 0.1606642 0
0.2883236 0.2463285 0.9253051 0
0.2076134 1.101242 0.07939833 1

1 0.0002153337 -0.0004236337 0
-0.0004283956 0.02261559 -0.9997441 0
-0.0002056978 0.9997436 0.02261537 0
-0.5334446 1.287197 -0.5082009 1

1 0.0002153337 -0.0004236337 0
-0.0004283954 0.02261541 -0.9997441 0
-0.0002056978 0.9997435 0.02261523 0
0.7134832 1.194749 -0.3571711 1

0.05297737 0.3576314 -0.9323585 0
-0.3962197 -0.8495016 -0.3483627 0
-0.916626 0.3878742 0.09669621 0
-0.1029478 0.639578 0.07714015 1

-0.03876967 -0.07417339 -0.9964911 0
-0.03389971 -0.9965698 0.07549822 0
-0.9986731 0.03670773 0.03612235 0
0.2528033 0.6396546 0.07698954 1

0.9846013 0.0004884209 -0.1748163 0
-0.02696466 -0.987605 -0.1546292 0
-0.1727247 0.1569616 -0.9723833 0
-0.3194663 1.186768 -0.6064759 1

0.9916424 -0.02452036 -0.1266648 0
-0.06440926 -0.9447644 -0.3213596 0
-0.1117886 0.3268322 -0.9384475 0
0.3927191 1.154631 -0.6796278 1

1 0.0002150599 -0.0004233888 0
5.456768E-05 0.8336293 0.5523235 0
0.0004717322 -0.5523233 0.8336297 0
0.07475863 1.763488 0.2486408 1

0.4674048 0.6552095 -0.5934922 0
-0.02099913 -0.6629196 -0.7483956 0
-0.8837939 0.362266 -0.2960932 0
-0.2882988 1.510296 0.1812521 1

0.1585335 0.4024558 -0.9016078 0
-0.0154711 -0.9120305 -0.4098288 0
-0.9872324 0.0789205 -0.1383611 0
0.4213449 1.474594 0.1861659 1

-0.9785417 -0.005150956 -0.2059872 0
-0.2026548 0.2048206 0.9575899 0
0.03725785 0.9787854 -0.2014697 0
-0.1445658 0.8946758 -0.01489186 1

-0.9451135 0.1628689 -0.2832571 0
-0.2056929 0.3770017 0.9030824 0
0.2538728 0.911779 -0.3228087 0
0.2781698 0.8719893 0.1184432 1

-0.9646303 0.2493295 0.08557775 0
-0.04660436 -0.4808319 0.875573 0
0.259455 0.8406159 0.4754448 0
-0.231969 0.3629545 -0.03629737 1

-0.9826531 0.1700402 0.0740245 0
0.01628257 -0.3185056 0.9477809 0
0.1847381 0.9325454 0.3102116 0
0.2417645 0.3151411 0.1015741 1

0.9973228 -0.07306717 0.002993175 0
-0.07312749 -0.9966928 0.03543699 0
0.0003940978 -0.03556144 -0.999368 0
-0.340279 0.4244823 -0.7258272 1

0.9972576 0.07396699 -0.002342495 0
0.07400395 -0.9967886 0.03057074 0
-7.392617E-05 -0.03066042 -0.9995297 0
0.3430045 0.4254121 -0.9276705 1

-0.9864985 -0.09652808 0.1323002 0
0.1637089 -0.6035287 0.7803538 0
0.004520928 0.7914759 0.6111827 0
0.0002976482 1.745318 0.2603363 1

-0.9866508 0.1032118 -0.125967 0
-0.1627879 -0.603599 0.7804918 0
0.004522431 0.7905784 0.6123433 0
0.1492373 1.74535 0.2602731 1

-0.9349148 -0.2895048 -0.2052343 0
-0.1293651 -0.2605007 0.9567675 0
-0.3304523 0.9210454 0.2060942 0
-0.2971779 1.229992 -0.1351942 1

-0.9469338 0.3126135 -0.07476453 0
0.1111634 0.5367525 0.8363847 0
0.3015952 0.783689 -0.5430204 0
0.4148032 1.088957 0.01287685 1

0.936251 0.3125924 -0.1603762 0
0.3290363 -0.9401745 0.0883465 0
-0.1231658 -0.1354835 -0.9830935 0
-0.1944267 0.9450694 0.2207121 1

0.7044253 -0.1738837 0.688149 0
-0.2774466 -0.9598435 0.04147213 0
0.6533058 -0.2201386 -0.7243813 0
0.2275615 0.9647463 0.3406363 1

-0.9919003 0.1265741 -0.01061353 0
-0.1259043 -0.9687174 0.2138551 0
0.0167872 0.2134595 0.9768072 0
-0.2456447 0.2218575 0.2206339 1

-0.9919629 -0.1186764 0.04387785 0
0.1253531 -0.9689161 0.2132808 0
0.0172024 0.2170668 0.9760045 0
0.2465425 0.2216777 0.3796942 1

0.9785693 -0.02376958 -0.2045423 0
-0.2059171 -0.1166266 -0.9715949 0
-0.0007606111 0.9928917 -0.1190215 0
-0.3661919 0.07130148 -0.7132699 1

0.9784877 0.02363603 0.2049452 0
0.2063035 -0.1116773 -0.9720935 0
-8.862026E-05 0.9934627 -0.1141511 0
0.3692281 0.07219739 -0.9168376 1

0.9245717 0.2720263 0.2667753 0
0.2076157 -0.9467996 0.2458952 0
0.3194732 -0.1719607 -0.9318619 0
-0.3793503 1.064523 0.4725421 1

0.9377456 -0.3467222 0.02043207 0
-0.1898576 -0.4624515 0.8660793 0
-0.2908401 -0.8160403 -0.4994898 0
0.4854138 1.429901 0.5441462 1

1 0.0001671572 0.000522439 0
0.0005395397 -0.1287595 -0.9916748 0
-9.845992E-05 0.9916755 -0.1287598 0
-0.2703212 0.03199447 0.2625483 1

0.9999998 -0.0005612939 0.0002581841 0
0.0001843105 -0.1280709 -0.9917644 0
0.000589765 0.9917654 -0.128071 0
0.271111 0.03177577 0.4214961 1

0.9245712 0.2720266 0.2667759 0
0.3313025 -0.2281972 -0.9155135 0
-0.1881661 0.9348399 -0.301108 0
-0.3231462 0.8082128 0.5391087 1

0.8551359 0.3365415 0.3943129 0
0.5183199 -0.5413447 -0.6620345 0
-0.009342253 0.7705087 -0.63736 0
-0.2963602 0.8737987 0.5178001 1

0.9593372 0.1730204 0.2230159 0
0.2810618 -0.5127489 -0.8112291 0
-0.02600752 0.8409225 -0.540529 0
-0.3665989 0.8456079 0.5104707 1

0.9377459 -0.3467215 0.02043224 0
-0.3016587 -0.8422018 -0.4468754 0
0.1721493 0.4128916 -0.8943631 0
0.4340171 1.30471 0.7786044 1

0.871178 -0.4889042 0.04496708 0
-0.4871722 -0.8721756 -0.04441399 0
0.06093332 0.01678609 -0.9980011 0
0.4061383 1.332096 0.7157886 1

0.9594271 -0.2649656 0.09640423 0
-0.2469394 -0.9546562 -0.1662889 0
0.1360937 0.1357361 -0.9813535 0
0.4772342 1.310259 0.7316133 1

1 6.394884E-14 2.384185E-07 0
0 0.9999998 -2.980232E-07 0
-2.384185E-07 2.980232E-07 0.9999998 0
0 0 0 1

1 -2.742072E-14 2.720058E-08 0
2.720053E-08 -4.172324E-07 -0.9999998 0
2.131627E-14 0.9999998 -4.172324E-07 0
-0.3418753 0.4253261 -0.7283613 1

1 -1.917785E-14 5.485907E-08 0
5.4859E-08 -1.192093E-07 -0.9999998 0
1.421087E-14 0.9999998 -1.192093E-07 0
-0.3816544 1.06145 0.469233 1

1 -4.06004E-14 -1.702308E-08 0
-1.702315E-08 -1.192093E-07 -0.9999998 0
1.421087E-14 0.9999998 -1.192093E-07 0
-0.2462368 0.2220724 0.2204801 1

0.9999647 0.007596347 0.00359157 0
-0.008356744 0.8544786 0.519419 0
0.0008767684 -0.5194306 0.8545119 0
0.07554248 0.7937786 -0.1412949 1

1 -2.742069E-14 2.720067E-08 0
2.720058E-08 -4.172324E-07 -0.9999998 0
2.131627E-14 0.9999998 -4.172324E-07 0
0.3418753 0.4253261 -0.926473 1

1 -1.917785E-14 5.485907E-08 0
5.4859E-08 -1.192093E-07 -0.9999998 0
1.421087E-14 0.9999998 -1.192093E-07 0
0.4825264 1.426994 0.5400802 1

1 -4.06004E-14 -1.702308E-08 0
-1.702315E-08 -1.192093E-07 -0.9999998 0
1.421087E-14 0.9999998 -1.192093E-07 0
0.2462368 0.2220724 0.3793681 1

1 -4.587512E-14 -1.421085E-14 0
2.884464E-14 0.9999997 -5.960463E-07 0
8.526513E-14 5.960463E-07 0.9999997 0
-0.5460402 1.507712 -0.9504902 1

1 -1.584436E-14 -3.638705E-08 0
-3.638712E-08 -1.192093E-07 -0.9999998 0
-1.694066E-20 0.9999998 -1.192093E-07 0
-0.4102691 1.229354 -0.826817 1

1 -9.777783E-15 1.696307E-09 0
1.696236E-09 -2.19046E-07 -0.9999998 0
-1.421089E-14 0.9999998 -2.19046E-07 0
-0.2272475 0.4347516 -0.288431 1

-1 -0.0002151167 0.0004234316 0
-0.000148999 0.9886295 0.1503679 0
-0.0004509645 0.150368 -0.9886299 0
0.07303133 1.050544 0.01478705 1

-1 -0.0002157104 0.0004233508 0
0.0004707716 -0.5703622 0.821393 0
6.427987E-05 0.8213933 0.570362 0
0.07554247 0.7937786 -0.1412949 1

0.6185657 0.03470546 -0.7849663 0
-0.7822755 -0.06642033 -0.6193817 0
-0.07363362 0.997188 -0.01393606 0
0.07554247 0.7937786 -0.1412949 1

0.6191847 0.1998098 0.7593983 0
0.7817782 -0.06608409 -0.6200445 0
-0.0737069 0.9776035 -0.1971253 0
0.07049842 0.7937775 -0.1412928 1

1 -4.321059E-14 5.151104E-21 0
2.618011E-14 0.9999997 -5.960463E-07 0
8.526513E-14 5.960463E-07 0.9999997 0
0.5460402 1.507711 -1.148602 1

1 -1.584436E-14 -3.638705E-08 0
-3.638712E-08 -1.192093E-07 -0.9999998 0
-1.694066E-20 0.9999998 -1.192093E-07 0
0.455462 0.7485709 -0.7559694 1

1 -9.777783E-15 1.696307E-09 0
1.696236E-09 -2.19046E-07 -0.9999998 0
-1.421089E-14 0.9999998 -2.19046E-07 0
0.2272475 0.4347516 -0.1295428 1

-1 -0.0002150846 0.000423508 0
-0.0001211147 0.9775923 0.2105044 0
-0.000459295 0.2105045 -0.9775928 0
0.07299311 1.30404 0.05334314 1

-0.08102921 -0.06524555 -0.9945735 0
-0.5543286 -0.8263439 0.09937154 0
-0.8283442 0.5593724 0.03079042 0
0.07299311 1.30404 0.05334314 1

-0.0809979 -0.1719337 -0.981772 0
0.5547674 -0.8261049 0.09890346 0
-0.8280532 -0.5366445 0.1622964 0
0.07299311 1.30404 0.05334314 1

1 0.0002154166 -0.0004236314 0
-0.0004283959 0.02261559 -0.9997441 0
-0.0002057802 0.9997436 0.02261537 0
-0.1961911 0.9500709 0.2182989 1

1 0.0002154166 -0.0004236314 0
-0.0004283959 0.02261559 -0.9997441 0
-0.0002057797 0.9997435 0.02261534 0
0.2257791 0.9697382 0.3382533 1

-0.2947296 0.01577311 -0.9554501 0
-0.9382259 -0.1944696 0.2862056 0
-0.1812917 0.9807815 0.07211462 0
0.07563476 0.6819542 0.01974625 1

-0.2939762 -0.8827618 0.3664829 0
0.9385518 -0.1940655 0.2854106 0
-0.1808281 0.4278671 0.8855679 0
0.07059071 0.6819531 0.01974836 1

0.8952053 0.1333208 -0.4252454 0
-0.3820005 0.7210064 -0.5781221 0
0.2295289 0.6799818 0.6963774 0
-0.1059743 0.7783667 -0.2850142 1

0.9666505 -0.2165582 0.1367077 0
0.2486186 0.6654611 -0.7038109 0
0.06144256 0.7143273 0.6971088 0
0.2518997 0.7784436 -0.2851659 1

-1 -0.000215906 0.0004244276 0
0.0001524808 0.699189 0.7149362 0
-0.0004511147 0.714936 -0.6991895 0
0.07294983 1.653368 0.1285637 1

-0.02243266 -0.2896905 -0.9568573 0
-0.9269291 -0.3525594 0.1284692 0
-0.3745656 0.8898202 -0.2606139 0
0.07294983 1.653368 0.1285637 1

-0.02241378 -0.3431288 -0.9390206 0
0.8850014 -0.4437196 0.1410161 0
-0.4650488 -0.8278734 0.3136152 0
0.07294983 1.653368 0.1285637 1

-0.5460495 0.5267926 -0.6513981 0
-0.3563936 -0.8497569 -0.3884529 0
-0.7581646 0.02003948 0.6517547 0
-0.05973839 1.106176 0.07713718 1

-0.912457 -0.2223212 0.3435047 0
0.2903302 -0.943342 0.1606642 0
0.2883236 0.2463285 0.9253051 0
0.2058297 1.106233 0.07702507 1

1 0.0002153337 -0.0004236337 0
-0.0004283956 0.02261559 -0.9997441 0
-0.0002056978 0.9997436 0.02261537 0
-0.5352283 1.292188 -0.5105742 1

1 0.0002153337 -0.0004236337 0
-0.0004283954 0.02261541 -0.9997441 0
-0.0002056978 0.9997435 0.02261523 0
0.7116994 1.19974 -0.3595443 1

0.04846284 0.3459961 -0.936983 0
-0.3859468 -0.8587384 -0.3370648 0
-0.9212472 0.3779608 0.09191916 0
-0.1047315 0.644569 0.0747669 1

-0.03479908 -0.08838357 -0.9954782 0
-0.02550852 -0.9956789 0.08929306 0
-0.9990689 0.02850036 0.03239428 0
0.2510196 0.6446456 0.07461629 1

0.9850169 0.004554636 -0.1723981 0
-0.02076697 -0.9892451 -0.1447899 0
-0.1712033 0.1462003 -0.9743278 0
-0.3227764 1.187569 -0.613124 1

0.9922352 -0.02547516 -0.1217377 0
-0.06304656 -0.9467462 -0.315748 0
-0.107211 0.3209715 -0.9410007 0
0.3930018 1.156122 -0.6846098 1

1 0.0002150599 -0.0004233888 0
5.456768E-05 0.8336293 0.5523235 0
0.0004717322 -0.5523233 0.8336297 0
0.07297494 1.768479 0.2462676 1

0.465105 0.6551406 -0.595372 0
-0.01707524 -0.6657776 -0.7459542 0
-0.8850906 0.3571129 -0.2984701 0
-0.2900825 1.515288 0.1788788 1

0.1582621 0.4207284 -0.8932751 0
-0.02363974 -0.9028023 -0.4294041 0
-0.9871141 0.0890752 -0.1329336 0
0.4195612 1.479585 0.1837926 1

-0.9785417 -0.005150956 -0.2059872 0
-0.2026548 0.2048206 0.9575899 0
0.03725785 0.9787854 -0.2014697 0
-0.1463495 0.8996668 -0.01726511 1

-0.9451135 0.1628689 -0.2832571 0
-0.2056929 0.3770017 0.9030824 0
0.2538728 0.911779 -0.3228087 0
0.2763861 0.8769804 0.11607 1

-0.9675223 0.2398654 0.07978321 0
-0.04911914 -0.4879909 0.8714651 0
0.247968 0.8392431 0.483924 0
-0.2304075 0.3649377 -0.03499167 1

-0.9842203 0.1611248 0.07313835 0
0.01469239 -0.3374909 0.9412139 0
0.1763366 0.9274366 0.3297979 0
0.2427132 0.3204223 0.1036929 1

0.9973499 -0.0726727 0.003548071 0
-0.07275405 -0.9966758 0.03666403 0
0.0008720731 -0.0368255 -0.9993218 0
-0.3388055 0.4240177 -0.7248808 1

0.9972496 0.0740782 -0.002282699 0
0.07411319 -0.9968039 0.02978699 0
-6.896548E-05 -0.02987424 -0.9995534 0
0.3443391 0.4253732 -0.928321 1

-0.9864985 -0.09652808 0.1323002 0
0.1637089 -0.6035287 0.7803538 0
0.004520928 0.7914759 0.6111827 0
-0.001486057 1.750309 0.2579629 1

-0.9866508 0.1032118 -0.125967 0
-0.1627879 -0.603599 0.7804918 0
0.004522431 0.7905784 0.6123433 0
0.1474536 1.750341 0.2578998 1

-0.9324527 -0.2927467 -0.2117333 0
-0.1309074 -0.2724651 0.9532187 0
-0.3367415 0.9165483 0.215738 0
-0.2973025 1.233775 -0.1365352 1

-0.9447699 0.321438 -0.06393447 0
0.1183701 0.5165839 0.848015 0
0.3056118 0.7936104 -0.5261018 0
0.4095656 1.09785 0.002226525 1

0.936251 0.3125924 -0.1603762 0
0.3290363 -0.9401745 0.0883465 0
-0.1231658 -0.1354835 -0.9830935 0
-0.1962104 0.9500605 0.2183388 1

0.7044253 -0.1738837 0.688149 0
-0.2774466 -0.9598435 0.04147213 0
0.6533058 -0.2201386 -0.7243813 0
0.2257778 0.9697374 0.338263 1

-0.9919229 0.1263519 -0.01112299 0
-0.1257844 -0.9685807 0.2145429 0
0.01633443 0.2142094 0.9766505 0
-0.2448212 0.2217399 0.2207341 1

-0.9920141 -0.118335 0.0436384 0
0.1249692 -0.9689461 0.2133689 0
0.01703418 0.2171184 0.9759961 0
0.2470246 0.2213878 0.3798859 1

0.9786735 -0.02364505 -0.2040582 0
-0.2054205 -0.1179363 -0.9715421 0
-0.001093699 0.9927399 -0.1202778 0
-0.364586 0.070843 -0.7118888 1

0.9784846 0.02358213 0.2049654 0
0.2063172 -0.1108901 -0.9721805 0
-0.0001973477 0.993552 -0.1133696 0
0.3706014 0.07215298 -0.9177659 1

0.9220147 0.2744863 0.2730309 0
0.2125839 -0.9483371 0.2355056 0
0.3235689 -0.1590974 -0.9327334 0
-0.3804545 1.060706 0.4689468 1

0.9351195 -0.3542218 0.008871445 0
-0.1902168 -0.4807196 0.8559944 0
-0.2989473 -0.8021441 -0.5169093 0
0.4847539 1.425983 0.5408834 1

0.9999996 0.0003834914 0.0009385193 0
0.0009801934 -0.1295173 -0.9915758 0
-0.0002585979 0.9915767 -0.1295176 0
-0.2694743 0.03190358 0.2627832 1

0.9999993 -0.0009027404 0.0005066236 0
0.0003868489 -0.1281295 -0.9917569 0
0.0009603047 0.9917573 -0.1281292 0
0.2715179 0.03147989 0.4217049 1

0.9220144 0.2744866 0.2730315 0
0.3356876 -0.2154487 -0.9170037 0
-0.1928808 0.937143 -0.2907889 0
-0.3229054 0.8039793 0.532701 1

0.851769 0.3370816 0.4010805 0
0.5237812 -0.5304027 -0.6665776 0
-0.01195633 0.7778478 -0.6283382 0
-0.2964505 0.8699714 0.5122501 1

0.9575271 0.1762122 0.2282339 0
0.2868432 -0.5015013 -0.8162213 0
-0.02936823 0.8470207 -0.530747 0
-0.3664916 0.841443 0.5043566 1

0.9351196 -0.3542211 0.008871609 0
-0.3097729 -0.8294215 -0.4648662 0
0.1720237 0.431957 -0.8853366 0
0.4332598 1.295846 0.7726116 1

0.8675511 -0.4964183 0.03040261 0
-0.4940272 -0.8671982 -0.06248324 0
0.05738292 0.03918783 -0.9975832 0
0.4053613 1.324876 0.710547 1

0.957709 -0.2743949 0.08661067 0
-0.2548867 -0.9486889 -0.1871403 0
0.133517 0.15715 -0.9785076 0
0.4763449 1.302142 0.7255932 1

1 6.394884E-14 2.384185E-07 0
0 0.9999998 -2.980232E-07 0
-2.384185E-07 2.980232E-07 0.9999998 0
0 0 0 1

1 -2.742072E-14 2.720058E-08 0
2.720053E-08 -4.172324E-07 -0.9999998 0
2.131627E-14 0.9999998 -4.172324E-07 0
-0.3418753 0.4253261 -0.7283613 1

1 -1.917785E-14 5.485907E-08 0
5.4859E-08 -1.192093E-07 -0.9999998 0
1.421087E-14 0.9999998 -1.192093E-07 0
-0.3840601 1.058043 0.465871 1

1 -4.06004E-14 -1.702308E-08 0
-1.702315E-08 -1.192093E-07 -0.9999998 0
1.421087E-14 0.9999998 -1.192093E-07 0
-0.2462368 0.2220724 0.2204801 1

0.9999647 0.007596347 0.00359157 0
-0.008356744 0.8544786 0.519419 0
0.0008767684 -0.5194306 0.8545119 0
0.07228144 0.7987775 -0.1435398 1

1 -2.742069E-14 2.720067E-08 0
2.720058E-08 -4.172324E-07 -0.9999998 0
2.131627E-14 0.9999998 -4.172324E-07 0
0.3418753 0.4253261 -0.926473 1

1 -1.917785E-14 5.485907E-08 0
5.4859E-08 -1.192093E-07 -0.9999998 0
1.421087E-14 0.9999998 -1.192093E-07 0
0.4804465 1.423419 0.5367183 1

1 -4.06004E-14 -1.702308E-08 0
-1.702315E-08 -1.192093E-07 -0.9999998 0
1.421087E-14 0.9999998 -1.192093E-07 0
0.2462368 0.2220724 0.3793681 1

1 -4.587512E-14 -1.421085E-14 0
2.884464E-14 0.9999997 -5.960463E-07 0
8.526513E-14 5.960463E-07 0.9999997 0
-0.5460402 1.507712 -0.9504902 1

1 -1.584436E-14 -3.638705E-08 0
-3.638712E-08 -1.192093E-07 -0.9999998 0
-1.694066E-20 0.9999998 -1.192093E-07 0
-0.4126747 1.225946 -0.830179 1

1 -9.777783E-15 1.696307E-09 0
1.696236E-09 -2.19046E-07 -0.9999998 0
-1.421089E-14 0.9999998 -2.19046E-07 0
-0.2272475 0.4347516 -0.288431 1

-1 -0.0002151167 0.0004234316 0
-0.000148999 0.9886295 0.1503679 0
-0.0004509645 0.150368 -0.9886299 0
0.06977029 1.055542 0.01254216 1

-1 -0.0002157104 0.0004233508 0
0.0004707716 -0.5703622 0.821393 0
6.427987E-05 0.8213933 0.570362 0
0.07228144 0.7987775 -0.1435398 1

0.6185657 0.03470546 -0.7849663 0
-0.7822755 -0.06642033 -0.6193817 0
-0.07363362 0.997188 -0.01393606 0
0.07228144 0.7987775 -0.1435398 1

0.6191847 0.1998098 0.7593983 0
0.7817782 -0.06608409 -0.6200445 0
-0.0737069 0.9776035 -0.1971253 0
0.06723738 0.7987764 -0.1435377 1

1 -4.321059E-14 5.151104E-21 0
2.618011E-14 0.9999997 -5.960463E-07 0
8.526513E-14 5.960463E-07 0.9999997 0
0.5460402 1.507711 -1.148602 1

1 -1.584436E-14 -3.638705E-08 0
-3.638712E-08 -1.192093E-07 -0.9999998 0
-1.694066E-20 0.9999998 -1.192093E-07 0
0.4533821 0.7449965 -0.7593313 1

1 -9.777783E-15 1.696307E-09 0
1.696236E-09 -2.19046E-07 -0.9999998 0
-1.421089E-14 0.9999998 -2.19046E-07 0
0.2272475 0.4347516 -0.1295428 1

-1 -0.0002150846 0.000423508 0
-0.0001211147 0.9775923 0.2105044 0
-0.000459295 0.2105045 -0.9775928 0
0.06973207 1.309039 0.05109824 1

-0.08102921 -0.06524555 -0.9945735 0
-0.5543286 -0.8263439 0.09937154 0
-0.8283442 0.5593724 0.03079042 0
0.06973207 1.309039 0.05109824 1

-0.0809979 -0.1719337 -0.981772 0
0.5547674 -0.8261049 0.09890346 0
-0.8280532 -0.5366445 0.1622964 0
0.06973207 1.309039 0.05109824 1

1 0.0002154166 -0.0004236314 0
-0.0004283959 0.02261559 -0.9997441 0
-0.0002057802 0.9997436 0.02261537 0
-0.1994522 0.9550697 0.2160541 1

1 0.0002154166 -0.0004236314 0
-0.0004283959 0.02261559 -0.9997441 0
-0.0002057797 0.9997435 0.02261534 0
0.2225181 0.974737 0.3360084 1

-0.2947296 0.01577311 -0.9554501 0
