MeshAnim
1
239
122
30
2.384186E-07 -0.9999999 0 0
0 0 0.9999999 0
-0.9999999 -2.384186E-07 0 0
2.454499E-14 0.1834703 -0.06668577 1

0.9796497 0.01667892 0.2000203 0
-0.2000481 -7.40599E-07 0.979786 0
0.01634192 -0.9998608 0.003335848 0
-0.1642637 0.2348615 -0.1715634 1

2.384186E-07 -0.9999999 -5.684342E-14 0
2.131626E-14 -5.684341E-14 0.9999999 0
-0.9999999 -2.384186E-07 2.131625E-14 0
-2.900942E-08 0.3051447 -0.01330698 1

-0.9796497 0.01667846 0.2000203 0
0.2000481 -6.452087E-07 0.979786 0
0.01634144 0.9998608 -0.003335848 0
0.1642637 0.2348616 -0.1715634 1

2.384188E-07 -0.9999999 -5.684342E-14 0
-4.973799E-14 -5.684343E-14 0.9999999 0
-0.9999999 -2.384188E-07 -4.973801E-14 0
-4.950069E-08 0.3910913 -0.01330698 1

0.8523393 0.2239615 0.4726085 0
-0.4736833 -0.05244849 0.879132 0
0.2216794 -0.9731855 0.06138291 0
-0.274776 0.23298 -0.1941273 1

-0.8937906 0.3301422 0.3035526 0
0.3174358 -0.01243936 0.948198 0
0.3168162 0.9438491 -0.0936808 0
0.274776 0.2329802 -0.1941273 1

2.384189E-07 -0.9999999 6.196327E-33 0
-7.815966E-14 -1.863472E-20 0.9999999 0
-0.9999999 -2.384189E-07 -7.815966E-14 0
-6.9992E-08 0.4770378 -0.01330698 1

0.6477765 0.3869079 0.6562678 0
-0.6597549 -0.145832 0.7371948 0
0.3809316 -0.9105138 0.160798 0
-0.4344095 0.1910346 -0.2826416 1

-0.8927292 0.2336211 0.3852994 0
0.3858161 -0.04540597 0.9214578 0
0.2327669 0.9712667 -0.04959955 0
0.4421729 0.1711483 -0.2509793 1

2.24055E-07 -0.9310157 -0.3649791 0
8.786041E-08 -0.3649791 0.9310157 0
-0.9999999 -2.406659E-07 2.403455E-11 0
-9.77854E-08 0.5936116 -0.05396113 1

0.9724525 0.146448 -0.1813532 0
0.1840784 -0.005161524 0.9828979 0
0.1430074 -0.9892048 -0.03197727 0
-0.1230319 0.5405459 -0.06346956 1

0.638898 0.2074081 0.7408043 0
-0.7187835 -0.1822308 0.6709267 0
0.2741531 -0.9611316 0.03265477 0
-0.5115564 0.1449558 -0.3607998 1

-0.9916289 0.1286889 -0.01054284 0
-0.01066995 -0.0002983298 0.999943 0
0.1286784 0.9916849 0.001668937 0
0.1230317 0.540546 -0.06346956 1

-0.8516571 0.228196 0.4718118 0
0.4695737 -0.06758034 0.8803031 0
0.2327669 0.9712667 -0.04959956 0
0.5484924 0.1433252 -0.2968665 1

2.291115E-07 -0.9369528 -0.3494556 0
8.674248E-08 -0.3494556 0.9369528 0
-0.9999999 -2.449793E-07 1.209336E-09 0
-1.212758E-07 0.6912214 -0.01569587 1

0.8821642 0.3951643 -0.2561855 0
0.2559401 0.05435615 0.9651633 0
0.3953233 -0.9170008 -0.05318735 0
-0.207449 0.527833 -0.04772656 1

0.6742426 0.05263483 0.7366318 0
-0.7187835 -0.1822308 0.670927 0
0.1695513 -0.9818463 -0.08503456 0
-0.6375809 0.104044 -0.5069255 1

-0.956401 0.2103078 -0.2026501 0
-0.1961804 0.05140869 0.9792187 0
0.2163555 0.9762828 -0.007909064 0
0.2091135 0.5293746 -0.06255435 1

-0.6813111 -0.02014525 0.7317169 0
0.7312253 -0.06453786 0.6790766 0
0.03354327 0.997712 0.05870108 0
0.7164841 0.09831288 -0.3899327 1

2.326581E-07 -0.9371257 -0.3489918 0
8.814574E-08 -0.3489918 0.9371257 0
-0.9999999 -2.48792E-07 1.407875E-09 0
-1.290218E-07 0.7228988 -0.003881156 1

0.6565948 0.5751789 -0.4879059 0
0.4926356 0.1627937 0.8548731 0
0.571133 -0.8016653 -0.1764642 0
-0.3088453 0.4824126 -0.01828048 1

0.6745773 0.09006974 0.7326884 0
-0.732299 -0.04364434 0.6795839 0
0.09318776 -0.9949789 0.0365166 0
-0.8141374 0.09026109 -0.6998191 1

-0.7778455 0.4338025 -0.4547209 0
-0.4560446 0.108221 0.883352 0
0.432411 0.8944857 0.1136541 0
0.3190426 0.5052017 -0.03926165 1

-0.4290513 0.08340777 0.8994213 0
0.8976405 -0.07172747 0.4348538 0
0.1007833 0.9939306 -0.04409539 0
0.8948914 0.1035881 -0.5815393 1

2.353654E-07 -0.9326169 -0.3608679 0
8.975232E-08 -0.3608679 0.9326169 0
-0.9999999 -2.518945E-07 -1.23127E-09 0
-1.451885E-07 0.7880166 0.02036917 1

0.5355539 0.7175764 -0.4452707 0
0.4926357 0.1627937 0.8548732 0
0.6859239 -0.677187 -0.2663189 0
-0.3799933 0.4200867 0.03458858 1

0.7901427 0.06250013 0.6097274 0
-0.6086686 -0.03699721 0.7925622 0
0.07209363 -0.9973592 0.008808913 0
-0.9736465 0.06896338 -0.8730692 1

-0.6285242 0.663551 -0.4057784 0
-0.4560445 0.1082209 0.8833519 0
0.6300632 0.7402624 0.2345894 0
0.4033293 0.4581953 0.01001149 1

-0.347631 0.02417767 0.9373199 0
0.9339771 -0.07924587 0.3484357 0
0.08270305 0.9965618 0.004966963 0
0.996344 0.08386565 -0.7942147 1

2.336429E-07 -0.9240717 -0.3822195 0
9.935623E-08 -0.3822196 0.9240718 0
-1 -2.538787E-07 2.50938E-09 0
-1.615433E-07 0.8528212 0.04544474 1

0.6465272 0.5890824 -0.4847519 0
0.4926358 0.1627937 0.8548734 0
0.5825052 -0.7915049 -0.1849524 0
-0.4567868 0.3171929 0.09843627 1

0.9534189 0.01405602 0.3013208 0
-0.3007154 -0.03425563 0.9530992 0
0.0237189 -0.9993149 -0.02843296 0
-1.134145 0.05626799 -0.9969208 1

-0.4085092 0.7113581 -0.5719166 0
-0.5718584 0.2888955 0.7677997 0
0.7114052 0.6407102 0.2887797 0
0.4934539 0.3630482 0.06819636 1

-0.6555727 0.091528 0.7495648 0
0.7487741 -0.04974948 0.6609562 0
0.09778643 0.9945591 -0.03591937 0
1.066957 0.07895453 -0.9846087 1

2.313099E-07 -0.9120226 -0.4101401 0
1.065786E-07 -0.4101402 0.9120228 0
-1 -2.54672E-07 2.332589E-09 0
-1.777784E-07 0.9170322 0.07200397 1

0.8402979 0.4545816 -0.2953892 0
0.301149 0.06166533 0.9515813 0
0.4507866 -0.888568 -0.08507951 0
-0.5628173 0.2205835 0.1779356 1

0.9969983 0.02574131 -0.0730188 0
0.07369946 -0.02661591 0.9969254 0
0.02371892 -0.9993149 -0.02843297 0
-1.336312 0.05328749 -1.060814 1

-0.5228321 0.5688564 -0.6348597 0
-0.581723 0.3062867 0.7535154 0
0.6230921 0.7632764 0.1707805 0
0.5604494 0.2463855 0.1619906 1

-0.8862349 0.1034436 0.4515398 0
0.4527986 -0.01232146 0.8915286 0
0.09778642 0.9945593 -0.03591935 0
1.205967 0.05954659 -1.14355 1

2.227098E-07 -0.8971325 -0.4417616 0
1.24291E-07 -0.4417616 0.8971328 0
-1 -2.547073E-07 1.312088E-08 0
-1.938514E-07 0.9804057 0.1005033 1

0.9323341 0.3592728 -0.04093657 0
0.06731047 -0.06120421 0.9958532 0
0.3552775 -0.9312236 -0.08124559 0
-0.6720429 0.161495 0.2163316 1

0.8943285 0.03392023 -0.4461229 0
0.4467804 -0.01484712 0.8945196 0
0.02371891 -0.9993148 -0.02843294 0
-1.54772 0.04782921 -1.045331 1

-0.514017 0.3494915 -0.7833517 0
-0.6888657 0.3759789 0.6197602 0
0.5111257 0.8581933 0.04749348 0
0.6284093 0.172443 0.2445125 1

-0.9965841 -0.004135708 0.08248618 0
0.08234035 0.02788337 0.9962152 0
-0.006420119 0.9996027 -0.02744758 0
1.393888 0.03761201 -1.239296 1

2.729417E-07 -0.8803499 -0.4743245 0
1.500526E-07 -0.4743246 0.8803503 0
-1 -3.11458E-07 2.635834E-09 0
-2.093268E-07 1.042745 0.1311999 1

0.9413172 0.2118366 0.2627667 0
-0.2395719 -0.1290506 0.9622641 0
0.2377531 -0.968748 -0.07072742 0
-0.7810647 0.1194836 0.2211185 1

0.7126321 -0.01550181 -0.7013668 0
0.7014053 -0.003631847 0.712752 0
-0.01359594 -0.9998736 0.008285065 0
-1.731021 0.0408769 -0.9538932 1

-0.4750791 0.2300007 -0.8493508 0
-0.7997358 0.2897615 0.5257938 0
0.3670434 0.9290521 0.04628069 0
0.6885156 0.1315754 0.3361132 1

-0.9723937 -0.04743233 -0.228477 0
-0.2298277 0.02523834 0.9729049 0
-0.04038081 0.9985557 -0.0354429 0
1.598148 0.03845967 -1.256202 1

2.366071E-07 -0.9924004 -0.1230489 0
2.933715E-08 -0.123049 0.9924003 0
-0.9999999 -2.38419E-07 -7.299712E-14 0
-2.282927E-07 1.103917 0.1641592 1

0.8786763 0.2694214 0.3941307 0
-0.3531373 -0.1887728 0.916329 0
0.32128 -0.9443401 -0.0707275 0
-0.916917 0.08891101 0.1831956 1

-0.6881405 0.3046688 -0.6585109 0
-0.6258917 0.2098547 0.7511454 0
0.3670435 0.9290524 0.04628062 0
0.7570797 0.09838145 0.4586926 1

-0.9539934 -0.04907731 -0.2957871 0
-0.2970987 0.02186818 0.9545972 0
-0.04038081 0.9985558 -0.03544292 0
1.806094 0.04860309 -1.207343 1

-0.3032826 0.6754461 -0.6721528 0
-0.9423589 -0.3172286 0.1064196 0
-0.1413459 0.6656864 0.7327245 0
-0.03935905 1.161533 0.2334735 1

0.2535473 0.6911232 -0.6768016 0
0.9569401 -0.2814437 0.07109519 0
-0.1413464 -0.6656862 -0.7327246 0
0.03935858 1.161533 0.2334735 1

0.880644 0.1091756 0.4610274 0
-0.4377803 -0.1845395 0.8799397 0
0.1811461 -0.9767433 -0.1147187 0
-1.040464 0.05102879 0.1277784 1

0.4299304 -0.01542998 -0.9027302 0
0.9028535 0.003223216 0.4299333 0
-0.003723938 -0.9998758 0.01531698 0
-2.040311 0.03992042 -0.6495323 1

-0.8253692 0.1902545 -0.5315695 0
-0.5099892 0.1527083 0.8465166 0
0.2422301 0.9697857 -0.0290124 0
0.8538365 0.05554315 0.5512834 1

-0.7851976 -0.001320594 -0.6192459 0
-0.6192463 0.002827936 0.7851927 0
0.0007143272 0.9999955 -0.003038252 0
2.016114 0.05940726 -1.142226 1

0.9069378 0.4209715 -0.01561479 0
-0.3220506 0.6689754 -0.6698906 0
-0.2715601 0.6125813 0.7422968 0
-0.06310697 1.159634 0.2617806 1

0.9439511 0.3300819 -6.557255E-05 0
-0.2515873 0.7193484 -0.6474871 0
-0.2136775 0.6112158 0.7620775 0
-0.05322439 1.104564 0.2011372 1

0.8524799 0.06249731 0.5190101 0
-0.5000554 -0.1919218 0.8444584 0
0.1523862 -0.9794191 -0.1323574 0
-1.123178 0.04077463 0.0844771 1

0.7127966 -0.01339702 -0.7012429 0
0.7013599 0.00830623 0.7127572 0
-0.003723938 -0.9998758 0.01531698 0
-2.125871 0.04299119 -0.4698803 1

-0.9223554 0.3858598 0.0192598 0
0.2726166 0.6853639 -0.6752437 0
-0.2737504 -0.6175672 -0.7373442 0
0.0641375 1.16036 0.2609234 1

-0.9553014 0.2935103 0.03535032 0
0.2011064 0.7328365 -0.6500035 0
-0.2166895 -0.613843 -0.7591097 0
0.05425139 1.105359 0.2002172 1

-0.8902903 0.01307547 -0.4552031 0
-0.4492337 0.1386125 0.8825958 0
0.07463878 0.9902613 -0.1175306 0
0.931358 0.03767371 0.6012104 1

-0.5257046 0.03269253 -0.8500409 0
-0.8504547 0.00220571 0.526045 0
0.01907269 0.9994634 0.026644 0
2.172376 0.05967019 -1.018989 1

0.9286383 0.2676315 -0.2569117 0
-0.269911 0.01230725 -0.9628054 0
-0.2545157 0.9634438 0.08366811 0
-0.03936534 1.161525 0.2334857 1

0.9466069 -0.2334251 0.2223683 0
0.235398 0.02916231 -0.9714625 0
0.2202785 0.9719362 0.08255484 0
0.008026537 1.140441 0.268496 1

0.9069378 0.4209716 -0.01561479 0
-0.322051 0.6689761 -0.6698914 0
-0.2715599 0.6125804 0.7422958 0
-0.09153305 1.14644 0.26227 1

0.9132726 0.406982 0.0172237 0
-0.2993353 0.6991894 -0.6492525 0
-0.276278 0.5877931 0.7603796 0
-0.08274286 1.094242 0.2011392 1

0.6940085 0.01069474 0.7198873 0
-0.7036545 -0.2015577 0.6813543 0
0.1523863 -0.9794193 -0.1323574 0
-1.214346 0.03409079 0.02897148 1

0.9096538 0.004059759 -0.4153476 0
0.4152719 0.0123873 0.9096118 0
0.008838023 -0.9999149 0.009582439 0
-2.267725 0.04565738 -0.3303258 1

-0.9223553 0.3858597 0.01925978 0
0.2726168 0.6853645 -0.6752445 0
-0.27375 -0.6175666 -0.7373434 0
0.09304681 1.148265 0.2603197 1

-0.9269984 0.3714158 0.0521843 0
0.2494994 0.7145436 -0.6535885 0
-0.2800409 -0.5928567 -0.7550498 0
0.08412474 1.09618 0.1991118 1

-0.9497048 -0.03172705 -0.3115304 0
-0.3130965 0.1132958 0.9429386 0
0.005379857 0.9930551 -0.1175304 0
1.02657 0.03627534 0.649892 1

-0.2028452 0.04376508 -0.9782345 0
-0.978968 0.01325422 0.2035894 0
0.02187584 0.9989545 0.04015601 0
2.276996 0.05316402 -0.8498232 1

0.8750825 0.4782025 -0.07449902 0
-0.400604 0.6293389 -0.6659186 0
-0.2715598 0.6125816 0.7422969 0
-0.1258956 1.13049 0.2628617 1

0.8969271 0.4419105 0.01533613 0
-0.3268797 0.6860127 -0.650023 0
-0.2977747 0.5780159 0.7597618 0
-0.1192523 1.077973 0.2004507 1

0.6816275 0.007176919 0.7316644 0
-0.7156546 -0.2017135 0.6686918 0
0.1523863 -0.9794193 -0.1323574 0
-1.28431 0.03301263 -0.04360117 1

0.9968262 0.008051677 -0.07919317 0
0.07910808 0.01025174 0.9968125 0
0.008838092 -0.9999146 0.009582448 0
-2.441909 0.04488006 -0.2507936 1

-0.8947896 0.4446689 -0.04023054 0
0.3527188 0.6487544 -0.6743206 0
-0.2737496 -0.6175659 -0.7373424 0
0.1279935 1.133646 0.2595899 1

-0.9120761 0.4069594 0.05001245 0
0.2774833 0.7024419 -0.655421 0
-0.3018609 -0.5839185 -0.7536072 0
0.1211829 1.081332 0.1970257 1

-0.9997475 0.002782888 -0.02223692 0
-0.02175624 0.1176214 0.9928192 0
0.00537985 0.9930553 -0.1175304 0
1.122311 0.03947382 0.6812977 1

0.1442147 0.03659251 -0.9888717 0
-0.9893058 0.02742347 -0.1432645 0
0.02187584 0.9989545 0.04015601 0
2.315838 0.04478367 -0.6625063 1

0.8750826 0.4782027 -0.07449894 0
-0.4006037 0.6293383 -0.6659178 0
-0.2715603 0.6125821 0.7422978 0
-0.1577832 1.113064 0.2655763 1

0.8510424 0.5127539 0.1131767 0
-0.3268791 0.6860123 -0.6500223 0
-0.4109448 0.5162084 0.7514424 0
-0.1393394 1.068076 0.2001073 1

0.4989703 -0.01241267 0.8665305 0
-0.8496071 -0.2041502 0.4863013 0
0.1708666 -0.9788616 -0.1124109 0
-1.345318 0.03237025 -0.1090878 1

0.9637668 0.01107243 0.2665128 0
-0.2665973 0.006879678 0.9637828 0
0.008838088 -0.9999145 0.009582463 0
-2.605875 0.04355566 -0.237767 1

-0.8947896 0.4446689 -0.04023055 0
0.3527193 0.6487552 -0.6743212 0
-0.2737492 -0.617565 -0.7373415 0
0.1605993 1.117442 0.2610559 1

-0.8655378 0.4788561 0.1467704 0
0.2774834 0.7024429 -0.6554218 0
-0.4169499 -0.5265672 -0.7408663 0
0.1416092 1.072219 0.1959057 1

-0.9619573 0.06286509 0.2658638 0
0.2712464 0.103779 0.9568977 0
0.03256593 0.9926124 -0.1168821 0
1.211792 0.03922468 0.6832879 1

0.3792659 0.02887119 -0.9248391 0
-0.9250299 0.03546135 -0.3782388 0
0.02187584 0.9989547 0.04015602 0
2.292116 0.03876464 -0.499848 1

0.8750826 0.4782028 -0.07449884 0
-0.4006032 0.6293375 -0.665917 0
-0.2715607 0.6125828 0.7422988 0
-0.1836023 1.098955 0.2677743 1

0.8115069 0.5827213 0.04349134 0
-0.4154269 0.6276662 -0.6583657 0
-0.4109452 0.5162088 0.7514436 0
-0.1549043 1.058698 0.1980374 1

0.1557377 -0.05405553 0.9863188 0
-0.9698349 -0.1979247 0.1422871 0
0.1875258 -0.9787268 -0.08324928 0
-1.389977 0.03348128 -0.1866454 1

0.7867275 0.01269555 0.6171678 0
-0.6172905 0.0108456 0.7866597 0
0.003293719 -0.9998601 0.01636959 0
-2.747527 0.04192817 -0.2769383 1

-0.8947896 0.444669 -0.0402306 0
0.3527198 0.6487559 -0.6743219 0
-0.2737489 -0.6175642 -0.7373407 0
0.1869998 1.104322 0.2622429 1

-0.8311672 0.55076 0.07632153 0
0.3678508 0.6476058 -0.6673045 0
-0.4169492 -0.5265666 -0.7408653 0
0.1574393 1.063461 0.1932213 1

-0.8821198 0.00362449 0.4710099 0
0.4706071 0.0487735 0.8809924 0
-0.01977806 0.9988043 -0.04472903 0
1.29789 0.0335981 0.6594923 1

0.3686795 0.02910167 -0.9291028 0
-0.9290705 0.04388111 -0.3672935 0
0.03008124 0.9986138 0.04321557 0
2.236373 0.03452115 -0.3639177 1

0.8750826 0.4782029 -0.07449878 0
-0.4006028 0.6293369 -0.6659164 0
-0.2715612 0.6125835 0.7422996 0
-0.2058631 1.08679 0.2696695 1

0.8801079 0.4396049 0.1793228 0
-0.237766 0.7350341 -0.634964 0
-0.4109462 0.5162092 0.7514444 0
-0.1675055 1.049649 0.197362 1

0.285794 -0.06109612 0.9563421 0
-0.9416192 -0.2032464 0.2684094 0
0.1779746 -0.9772206 -0.1156159 0
-1.402678 0.03788947 -0.2670805 1

0.5833165 0.01521689 0.8121011 0
-0.8122373 0.006873887 0.5832853 0
0.0032937 -0.9998601 0.01636953 0
-2.858543 0.04013669 -0.3640277 1

-0.8947895 0.4446689 -0.04023058 0
0.3527201 0.6487567 -0.6743228 0
-0.2737486 -0.6175636 -0.7373399 0
0.209762 1.093011 0.2632664 1

-0.8894544 0.4041991 0.213293 0
0.187145 0.7479002 -0.6368889 0
-0.4169492 -0.5265658 -0.7408643 0
0.1703458 1.054908 0.1920362 1

-0.8111354 -0.02255396 0.5844223 0
0.5825963 0.05659921 0.8107868 0
-0.05136275 0.9981433 -0.03276899 0
1.369828 0.03330259 0.6210808 1

0.4294926 0.02612694 -0.9026948 0
-0.9025704 0.04571481 -0.4281119 0
0.03008128 0.9986139 0.04321555 0
2.184348 0.03041457 -0.2328104 1

0.8750827 0.478203 -0.07449868 0
-0.4006024 0.6293363 -0.6659157 0
-0.2715615 0.6125841 0.7423006 0
-0.2231242 1.077358 0.271139 1

0.8663086 0.4980305 0.03839646 0
-0.3552893 0.6683935 -0.6534557 0
-0.3511102 0.5524631 0.7559935 0
-0.1782687 1.044273 0.1951689 1

0.2857942 -0.06109616 0.9563423 0
-0.9416192 -0.2032464 0.2684094 0
0.1779746 -0.9772207 -0.1156159 0
-1.424142 0.04247788 -0.3389027 1

0.2703364 0.0166502 0.9626208 0
-0.9627591 0.001254858 0.2703536 0
0.003293664 -0.9998598 0.01636954 0
-2.921906 0.0384838 -0.4522415 1

-0.8947895 0.4446689 -0.04023055 0
0.3527206 0.6487575 -0.6743237 0
-0.2737483 -0.6175627 -0.737339 0
0.2274118 1.08424 0.26406 1

-0.8828362 0.4640593 0.07244857 0
0.3064103 0.6859587 -0.6599855 0
-0.3559659 -0.5604577 -0.7477775 0
0.1812233 1.049965 0.1894278 1

-0.6850678 -0.01134004 0.7283899 0
0.7266641 0.05986287 0.6843771 0
-0.05136275 0.9981433 -0.03276896 0
1.430745 0.03499627 0.5771902 1

0.4294927 0.02612697 -0.902695 0
-0.9025704 0.0457148 -0.4281116 0
0.03008128 0.998614 0.04321555 0
2.137695 0.02757661 -0.1347562 1

0.8663086 0.4980305 0.03839652 0
-0.3552889 0.6683925 -0.6534546 0
-0.3511106 0.5524635 0.7559945 0
-0.1860631 1.039792 0.1948236 1

-0.001459094 -0.1177536 0.9930428 0
-0.9840342 -0.176567 -0.02238402 0
0.1779746 -0.9772208 -0.1156159 0
-1.43416 0.04461983 -0.3724288 1

-0.8828361 0.4640594 0.07244857 0
0.3064107 0.6859594 -0.6599863 0
-0.3559656 -0.5604571 -0.7477767 0
0.1891665 1.04579 0.1887759 1

-0.4431666 0.006624633 0.896414 0
0.8949648 0.06056628 0.4420027 0
-0.05136275 0.9981433 -0.03276896 0
1.454761 0.03539401 0.5516552 1

0 -0.9999996 -0.0007730424 0
-1.788139E-07 -0.0007730722 0.9999996 0
-0.9999999 -5.960464E-08 -2.384186E-07 0
2.454499E-14 0.1834703 -0.06668577 1

0.9796497 0.01667869 0.2000205 0
-0.2000483 -9.941868E-07 0.9797859 0
0.01634168 -0.9998608 0.003335586 0
-0.1642637 0.2348616 -0.1715635 1

-2.640591E-10 -0.9999999 -2.654851E-07 0
-1.788138E-07 -2.952875E-07 0.9999999 0
-0.9999999 -5.947877E-08 -2.384185E-07 0
-9.512718E-09 0.3051447 -0.01330695 1

-0.9796498 0.01667857 0.2000201 0
0.2000479 -9.703217E-07 0.979786 0
0.01634168 0.9998608 -0.003335579 0
0.1642637 0.2348616 -0.1715634 1

-1.73831E-09 -0.9999999 0.0002010863 0
-1.788053E-07 0.0002010565 0.9999999 0
-0.9999999 -5.804052E-08 -2.384103E-07 0
-9.490034E-09 0.3910912 -0.01330692 1

0.8523393 0.2239612 0.4726088 0
-0.4736834 -0.05244866 0.8791319 0
0.2216791 -0.9731855 0.0613827 0
-0.274776 0.2329801 -0.1941274 1

-0.8937906 0.3301423 0.3035524 0
0.3174357 -0.0124397 0.948198 0
0.3168165 0.943849 -0.09368047 0
0.274776 0.2329802 -0.1941273 1

-1.219806E-09 -0.9999999 0.0002456428 0
-1.788253E-07 0.000245613 0.9999999 0
-0.9999999 -5.856699E-08 -2.384303E-07 0
-9.340659E-09 0.4770378 -0.0133242 1

0.6477765 0.3869076 0.6562682 0
-0.6597551 -0.1458321 0.7371947 0
0.3809314 -0.9105139 0.1607978 0
-0.4344095 0.1910347 -0.2826417 1

-0.8927292 0.2336212 0.3852993 0
0.3858159 -0.04540632 0.9214578 0
0.2327671 0.9712667 -0.04959924 0
0.4421729 0.1711483 -0.2509792 1

6.6215E-08 -0.9311053 -0.3647504 0
-1.660918E-07 -0.3647504 0.9311053 0
-0.9999999 -6.081395E-08 -2.384056E-07 0
-1.928477E-09 0.5936016 -0.05400699 1

0.9724526 0.1464033 -0.1813889 0
0.1840783 -0.004920145 0.9828992 0
0.1430071 -0.9892127 -0.03173425 0
-0.1230318 0.5405337 -0.06350242 1

0.6389565 0.2074228 0.7407499 0
-0.7187315 -0.1822139 0.670987 0
0.274153 -0.9611316 0.03265467 0
-0.5115564 0.144956 -0.3607999 1

-0.9916288 0.1286865 -0.01057469 0
-0.01067013 -5.272886E-05 0.999943 0
0.1286787 0.9916852 0.001425367 0
0.1230318 0.5405337 -0.06350236 1

-0.8515654 0.2281828 0.4719835 0
0.4697398 -0.06762524 0.880211 0
0.2327671 0.9712666 -0.04959925 0
0.5484924 0.1433252 -0.2968664 1

8.559142E-05 -0.9370444 -0.3492098 0
-0.0002162197 -0.3492098 0.9370444 0
-0.9999999 -4.756663E-06 -0.0002325565 0
-8.870612E-09 0.6912208 -0.01576571 1

0.8821644 0.3951012 -0.2562824 0
0.2559399 0.05459317 0.9651499 0
0.3953231 -0.9170139 -0.05296201 0
-0.2074489 0.5278245 -0.04775632 1

0.6743003 0.05264927 0.7365779 0
-0.7187316 -0.1822139 0.6709872 0
0.1695419 -0.9818487 -0.08502603 0
-0.6375924 0.1040412 -0.5069149 1

-0.9564009 0.2102582 -0.202702 0
-0.1961806 0.05164924 0.979206 0
0.2163558 0.9762807 -0.00814883 0
0.2091136 0.5293625 -0.06258439 1

-0.6811725 -0.02017202 0.7318451 0
0.7313533 -0.06457613 0.6789351 0
0.03356433 0.9977089 0.05874032 0
0.716466 0.09831544 -0.3899664 1

0.0002502668 -0.9372281 -0.3487168 0
-0.0006171395 -0.3487169 0.937228 0
-0.9999998 -1.940993E-05 -0.0006657323 0
-2.902625E-06 0.7229013 -0.003959306 1

0.656595 0.5750589 -0.488047 0
0.4926355 0.1630036 0.8548333 0
0.5711328 -0.8017087 -0.1762671 0
-0.3088452 0.4824114 -0.01829912 1

0.6746348 0.09008412 0.7326338 0
-0.732246 -0.04362727 0.6796421 0
0.09318784 -0.9949784 0.0365314 0
-0.8141638 0.09025458 -0.6997942 1

-0.7778453 0.4336909 -0.4548277 0
-0.4560447 0.108438 0.8833253 0
0.4324111 0.8945135 0.1134345 0
0.3190427 0.5051953 -0.03928572 1

-0.42888 0.08337088 0.8995063 0
0.8977222 -0.07175622 0.4346804 0
0.1007849 0.9939317 -0.04406906 0
0.8948371 0.1035977 -0.5816066 1

0.0004700764 -0.9327371 -0.3605568 0
-0.001126489 -0.3605572 0.9327366 0
-0.9999992 -3.235363E-05 -0.001220268 0
-2.029286E-05 0.7880262 0.02027191 1

0.5355542 0.717467 -0.4454469 0
0.4926356 0.1630036 0.8548334 0
0.6859238 -0.6772526 -0.2661524 0
-0.3799933 0.4200986 0.0345852 1

0.7902402 0.06251449 0.6095995 0
-0.608542 -0.03697288 0.7926604 0
0.07209157 -0.9973593 0.008825461 0
-0.9736868 0.06895347 -0.8730314 1

-0.6285239 0.6634515 -0.4059415 0
-0.4560446 0.108438 0.8833252 0
0.6300634 0.7403199 0.2344077 0
0.4033293 0.458201 0.009998985 1

-0.3474532 0.02413822 0.9373868 0
0.9340423 -0.079271 0.3482552 0
0.08271392 0.9965609 0.004996848 0
0.9962492 0.08388398 -0.7943022 1

0.0007214808 -0.9242156 -0.3818703 0
-0.001678117 -0.3818711 0.9242144 0
-0.9999984 -2.603945E-05 -0.001826514 0
-5.295699E-05 0.8528392 0.04532587 1

0.6465274 0.5889632 -0.4848965 0
0.4926356 0.1630036 0.8548335 0
0.582505 -0.7915504 -0.1847579 0
-0.4567868 0.3172205 0.09845816 1

0.953467 0.01406118 0.3011681 0
-0.3005635 -0.03422787 0.9531481 0
0.02371093 -0.9993159 -0.02840867 0
-1.134205 0.05625515 -0.9968569 1

-0.4085089 0.7112178 -0.5720916 0
-0.5718585 0.2890842 0.7677286 0
0.7114053 0.640781 0.2886225 0
0.4934538 0.3630682 0.06820724 1

-0.6554296 0.09150013 0.7496932 0
0.7488989 -0.04978711 0.6608123 0
0.09778948 0.9945598 -0.03589243 0
1.066826 0.07898095 -0.9847096 1

0.0009630155 -0.9121943 -0.409757 0
-0.002177372 -0.4097582 0.912192 0
-0.9999973 1.367895E-05 -0.00238085 0
-0.0001030904 0.9170601 0.07186084 1

0.8402981 0.4545089 -0.2955006 0
0.3011488 0.06189899 0.9515662 0
0.4507864 -0.8885891 -0.08486114 0
-0.5628172 0.2206305 0.1779812 1

0.9969867 0.02573585 -0.07317866 0
0.07385846 -0.02658816 0.9969143 0
0.02371093 -0.9993159 -0.02840867 0
-1.336382 0.0532735 -1.060718 1

-0.5228319 0.5687005 -0.6349996 0
-0.581723 0.3064719 0.75344 0
0.6230922 0.7633183 0.1705932 0
0.5604492 0.2464284 0.1620302 1

-0.8861481 0.1034316 0.4517123 0
0.4529675 -0.01236672 0.8914422 0
0.09778947 0.9945599 -0.0358924 0
1.205806 0.05957887 -1.143678 1

0.001160719 -0.8973334 -0.4413521 0
-0.002562772 -0.4413537 0.89733 0
-0.9999962 8.94777E-05 -0.002812008 0
-0.0001700073 0.9804456 0.1003335 1

0.9323341 0.3592626 -0.0410246 0
0.06731028 -0.06095963 0.9958682 0
0.3552773 -0.9312435 -0.08101676 0
-0.6720429 0.1615514 0.2163917 1

0.8942574 0.03390462 -0.4462668 0
0.4469231 -0.01482356 0.8944488 0
0.02371088 -0.9993157 -0.02840867 0
-1.547788 0.04781644 -1.045201 1

-0.5140168 0.3492992 -0.7834377 0
-0.6888657 0.3761312 0.6196676 0
0.5111259 0.8582049 0.0472828 0
0.6284093 0.1725061 0.2445703 1

-0.9965684 -0.004129694 0.08267479 0
0.08252937 0.02783698 0.9962007 0
-0.00641538 0.999604 -0.02740067 0
1.393708 0.03764684 -1.239461 1

0.00127772 -0.8805773 -0.4739006 0
-0.002768399 -0.4739024 0.8805733 0
-0.9999956 0.0001867599 -0.003043365 0
-0.0002506621 1.042799 0.1310017 1

0.9413172 0.211901 0.2627149 0
-0.2395722 -0.1288142 0.9622957 0
0.2377529 -0.9687654 -0.0704894 0
-0.7810647 0.1195413 0.2211889 1

0.7125201 -0.01552393 -0.7014801 0
0.7015191 -0.003614211 0.7126401 0
-0.01359811 -0.9998734 0.00831536 0
-1.731075 0.04086728 -0.9537341 1

-0.4750789 0.2297922 -0.8494074 0
-0.7997359 0.2898908 0.5257224 0
0.3670436 0.9290633 0.04605256 0
0.6885154 0.1316611 0.336181 1

-0.9723925 -0.04741717 -0.2284852 0
-0.2298331 0.02518685 0.9729047 0
-0.04037746 0.9985576 -0.03538964 0
1.597965 0.03849317 -1.256406 1

0.0001480232 -0.99246 -0.1225679 0
-0.003072502 -0.1225681 0.9924552 0
-0.9999951 0.0002296246 -0.003067539 0
-0.0003394468 1.103987 0.1639316 1

0.8788207 0.269041 0.3940686 0
-0.3532436 -0.1883566 0.9163736 0
0.3207677 -0.9445315 -0.07049467 0
-0.9169168 0.0889595 0.1832734 1

-0.6881403 0.3045072 -0.658586 0
-0.6258917 0.2100393 0.7510937 0
0.3670437 0.9290636 0.04605249 0
0.7570795 0.09849723 0.4587688 1

-0.9539918 -0.04905858 -0.2957951 0
-0.297104 0.02181781 0.9545965 0
-0.04037749 0.9985578 -0.03538961 0
1.80591 0.04863338 -1.207544 1

-0.3005517 0.6753614 -0.6734636 0
-0.942917 -0.3165952 0.1033155 0
-0.1434404 0.6660739 0.7319648 0
-0.03989736 1.161645 0.233097 1

0.255263 0.6908889 -0.6763958 0
0.9567906 -0.2812555 0.07379872 0
-0.1392538 -0.6660089 -0.7328318 0
0.03881989 1.161627 0.2333384 1

0.8807012 0.1088106 0.4610046 0
-0.4378841 -0.1840864 0.8799831 0
0.1806165 -0.9768696 -0.1144786 0
-1.040485 0.05113053 0.127865 1

0.4292964 -0.01545889 -0.9030315 0
0.9031553 0.003242583 0.4292991 0
-0.003708146 -0.9998754 0.01535407 0
-2.040232 0.03992012 -0.6492384 1

-0.825369 0.1901241 -0.5316164 0
-0.5099893 0.1529164 0.846479 0
0.2422303 0.9697785 -0.02925056 0
0.8538363 0.05568166 0.5513701 1

-0.7851941 -0.001285004 -0.6192504 0
-0.6192507 0.00278765 0.7851891 0
0.0007174116 0.9999957 -0.002984596 0
2.01593 0.0594335 -1.142426 1

0.90725 0.4203975 -0.01267486 0
-0.3193314 0.6689034 -0.671263 0
-0.2737198 0.6130542 0.7411121 0
-0.06374341 1.159773 0.2613232 1

0.9441525 0.3294909 0.003038146 0
-0.2489137 0.7192414 -0.6486388 0
-0.2159064 0.6116607 0.7610919 0
-0.05368745 1.104672 0.2007364 1

0.8525115 0.06216178 0.5189986 0
-0.5001633 -0.1914435 0.8445032 0
0.1518553 -0.9795342 -0.1321168 0
-1.123203 0.04091068 0.08456578 1

0.712304 -0.01341757 -0.7017429 0
0.7018602 0.008334335 0.7122642 0
-0.003708146 -0.9998754 0.01535407 0
-2.125666 0.04299656 -0.4695261 1

-0.9224675 0.3857143 0.01660674 0
0.274329 0.6851333 -0.6747842 0
-0.2716527 -0.6179139 -0.7378293 0
0.06352463 1.160469 0.2608557 1

-0.9554417 0.2933659 0.03264584 0
0.2027429 0.7326043 -0.6497569 0
-0.2145339 -0.6141889 -0.7594416 0
0.05381187 1.105442 0.2001455 1

-0.8902902 0.01296382 -0.4552065 0
-0.4492338 0.1388294 0.8825616 0
0.07463904 0.9902324 -0.1177738 0
0.9313577 0.03782444 0.6013013 1

-0.5256996 0.03273972 -0.850042 0
-0.8504576 0.002180011 0.5260402 0
0.01907563 0.9994621 0.02669771 0
2.172191 0.05968927 -1.019189 1

0.9296817 0.2669453 -0.2538337 0
-0.2665994 0.01208308 -0.9637305 0
-0.2541965 0.9636372 0.08240331 0
-0.03990369 1.161637 0.2331091 1

0.9460403 -0.2331767 0.2250236 0
0.2380202 0.02880452 -0.970834 0
0.2198938 0.9720065 0.08275282 0
0.007396709 1.140545 0.2682847 1

0.9072499 0.4203975 -0.01267489 0
-0.3193319 0.668904 -0.6712639 0
-0.2737196 0.6130536 0.7411112 0
-0.09217926 1.146596 0.2617204 1

0.9134634 0.4064173 0.02019086 0
-0.2966679 0.6991116 -0.6505594 0
-0.2785154 0.5882766 0.7591887 0
-0.08321225 1.094369 0.2006414 1

0.6938934 0.01125141 0.7199897 0
-0.7037668 -0.2010089 0.6814004 0
0.1523916 -0.979526 -0.1315604 0
-1.214375 0.03426281 0.02906124 1

0.9095873 0.004056854 -0.4154932 0
0.4154171 0.01242608 0.9095451 0
0.008852952 -0.9999144 0.009617498 0
-2.267421 0.04566693 -0.3298726 1

-0.9224674 0.3857141 0.01660673 0
0.2743292 0.6851338 -0.6747849 0
-0.2716524 -0.6179133 -0.7378283 0
0.09243752 1.14838 0.2603353 1

-0.9271972 0.3712828 0.04952445 0
0.2511485 0.7143177 -0.6532032 0
-0.2778994 -0.5932119 -0.7555619 0
0.08368963 1.096268 0.1991248 1

-0.9497122 -0.03082159 -0.3115992 0
-0.313056 0.1136679 0.9429073 0
0.006358548 0.9930412 -0.1176 0
1.02657 0.03643809 0.6499833 1

-0.2026484 0.04381556 -0.978273 0
-0.9790085 0.01325208 0.2033936 0
0.02187607 0.9989523 0.04021024 0
2.276811 0.05317372 -0.8500218 1

0.8756325 0.4776242 -0.07169133 0
-0.3979228 0.6293177 -0.6675445 0
-0.2737196 0.6130545 0.7411122 0
-0.1265536 1.130668 0.2622007 1

0.8971462 0.4413553 0.018233 0
-0.3242179 0.6859518 -0.6514192 0
-0.3000159 0.5785125 0.758501 0
-0.1197292 1.078121 0.1998343 1

0.6815105 0.007743064 0.7317677 0
-0.7157648 -0.2011745 0.6687362 0
0.1523916 -0.979526 -0.1315604 0
-1.284327 0.03312854 -0.04352173 1

0.9968135 0.008062121 -0.07935301 0
0.0792674 0.01028916 0.9967995 0
0.008852971 -0.9999141 0.009617519 0
-2.441593 0.04489005 -0.2503123 1

-0.8947507 0.4445036 -0.04283287 0
0.3544345 0.6485374 -0.6736294 0
-0.2716519 -0.6179126 -0.7378274 0
0.1273884 1.133765 0.2597062 1

-0.912275 0.4068281 0.04737843 0
0.2791393 0.7022201 -0.6549552 0
-0.2997248 -0.5842764 -0.7541821 0
0.1207557 1.081425 0.1971449 1

-0.9997424 0.003757563 -0.02231177 0
-0.02171548 0.1177126 0.9928094 0
0.006358608 0.9930413 -0.1176 0
1.122311 0.03954527 0.6813959 1

0.1444134 0.03664071 -0.9888406 0
-0.9892768 0.02743872 -0.1434615 0
0.02187601 0.9989523 0.04021025 0
2.315614 0.0447837 -0.662698 1

0.8756325 0.4776244 -0.07169129 0
-0.3979224 0.629317 -0.6675438 0
-0.27372 0.6130552 0.7411131 0
-0.1584613 1.113264 0.2648132 1

0.8509705 0.5122674 0.1158869 0
-0.3242173 0.6859514 -0.6514184 0
-0.4131956 0.5167724 0.7498187 0
-0.1398212 1.068237 0.1994261 1

0.4988316 -0.01173713 0.8666198 0
-0.8496882 -0.2037529 0.4863261 0
0.1708687 -0.9789528 -0.1116113 0
-1.345325 0.03243555 -0.1090174 1

0.9638094 0.01109498 0.2663582 0
-0.2664436 0.00691122 0.9638249 0
0.008852967 -0.9999139 0.009617524 0
-2.605558 0.04356393 -0.2372594 1

-0.8947507 0.4445037 -0.04283287 0
0.3544349 0.6485384 -0.6736301 0
-0.2716516 -0.6179117 -0.7378266 0
0.1599928 1.117568 0.261267 1

-0.8660106 0.4787721 0.1442325 0
0.2791393 0.7022212 -0.654956 0
-0.4148572 -0.526939 -0.7417759 0
0.1411865 1.072314 0.1960838 1

-0.9619154 0.06382318 0.2657875 0
0.2712761 0.1035815 0.9569108 0
0.03354413 0.9925721 -0.1169496 0
1.211792 0.03920892 0.6833928 1

0.3794345 0.02814233 -0.9247921 0
-0.9249541 0.03548784 -0.3784225 0
0.0221693 0.9989744 0.03949561 0
2.29186 0.0387567 -0.5000446 1

0.8747531 0.4790113 -0.07316331 0
-0.3998522 0.6282614 -0.6673832 0
-0.2737204 0.6130559 0.7411141 0
-0.1842967 1.099172 0.2669283 1

0.8126743 0.5807722 0.04757008 0
-0.4108868 0.6290073 -0.6599333 0
-0.4131961 0.516773 0.7498196 0
-0.1553849 1.058868 0.1973066 1

0.1556135 -0.05347162 0.9863703 0
-0.969861 -0.1977965 0.1422853 0
0.1874928 -0.9787846 -0.08263981 0
-1.389972 0.03348604 -0.186583 1

0.7871606 0.01272739 0.6166147 0
-0.6167379 0.01087301 0.7870927 0
0.003313317 -0.9998593 0.0164085 0
-2.747215 0.0419333 -0.2764081 1

-0.8952555 0.4433511 -0.04420827 0
0.3544354 0.648539 -0.673631 0
-0.2699829 -0.6187386 -0.7377446 0
0.1863923 1.104453 0.2625308 1

-0.8306396 0.5516935 0.07531394 0
0.3695476 0.6473944 -0.6665716 0
-0.4164996 -0.5258488 -0.7416275 0
0.1570252 1.063558 0.1934459 1

-0.8821402 0.003799438 0.4709697 0
0.4705786 0.04858371 0.8810182 0
-0.01953234 0.998813 -0.04464492 0
1.297887 0.03349642 0.6596039 1

0.3688227 0.02720386 -0.9291035 0
-0.9289899 0.04391641 -0.367493 0
0.03080572 0.9986654 0.04146947 0
2.236092 0.03462042 -0.3641212 1

0.8743488 0.4796452 -0.07383685 0
-0.4007345 0.6277768 -0.6673083 0
-0.2737208 0.6130566 0.741115 0
-0.2065492 1.086986 0.2687896 1

0.8803068 0.4374198 0.1836383 0
-0.2330824 0.735941 -0.6356499 0
-0.413197 0.5167734 0.7498205 0
-0.1680042 1.04985 0.1965679 1

0.2856731 -0.06053594 0.9564138 0
-0.9416612 -0.2030439 0.2684143 0
0.1779457 -0.9772975 -0.1150085 0
-1.402663 0.03784661 -0.2670224 1

0.5838866 0.01525512 0.8116904 0
-0.8118276 0.006891306 0.5838554 0
0.003313345 -0.9998592 0.0164085 0
-2.858294 0.04013729 -0.3634196 1

-0.8957572 0.4421967 -0.04558345 0
0.3544358 0.64854 -0.6736316 0
-0.2683131 -0.6195633 -0.7376601 0
0.2091662 1.093175 0.2636554 1

-0.8892909 0.4051562 0.2121552 0
0.1889143 0.7478871 -0.6363815 0
-0.4164996 -0.525848 -0.7416266 0
0.1699236 1.054991 0.1922764 1

-0.8111675 -0.02240597 0.5843831 0
0.5825732 0.05638823 0.8108184 0
-0.05111772 0.9981585 -0.03268645 0
1.369826 0.03318657 0.6211959 1

0.429599 0.02322303 -0.9027236 0
-0.9024804 0.04562411 -0.4283113 0
0.03123938 0.9986895 0.0405583 0
2.184046 0.03078173 -0.2330137 1

0.8735548 0.4808857 -0.07515597 0
-0.402462 0.6268266 -0.6671604 0
-0.2737212 0.6130573 0.7411159 0
-0.2237958 1.077525 0.270246 1

0.8681022 0.4944113 0.04421879 0
-0.3486628 0.6707398 -0.6546196 0
-0.3533159 0.55287 0.7546672 0
-0.1787699 1.0445 0.194322 1

0.2856734 -0.06053592 0.9564141 0
-0.9416614 -0.203044 0.2684146 0
0.1779457 -0.9772976 -0.1150085 0
-1.424117 0.04239285 -0.3388498 1

0.2702682 0.01669304 0.9626389 0
-0.9627782 0.001245249 0.2702859 0
0.003313301 -0.999859 0.01640847 0
-2.921717 0.03848024 -0.4515884 1

-0.896164 0.4412547 -0.04670431 0
0.3544362 0.6485407 -0.6736324 0
-0.2669513 -0.6202337 -0.7375891 0
0.2268352 1.084452 0.2645545 1

-0.8811998 0.4669721 0.07364082 0
0.3081515 0.6855208 -0.6596295 0
-0.3585079 -0.5585706 -0.747975 0
0.1807991 1.050036 0.1896819 1

-0.6851037 -0.01123493 0.7283576 0
0.7266476 0.05962742 0.6844157 0
-0.05111777 0.9981585 -0.03268643 0
1.430745 0.03486916 0.5773082 1

0.4295747 0.02245126 -0.9027547 0
-0.9024804 0.04562413 -0.4283109 0
0.03157134 0.9987072 0.03986071 0
2.137382 0.02825905 -0.1349563 1

0.8681021 0.4944113 0.04421883 0
-0.3486624 0.6707392 -0.6546187 0
-0.3533164 0.5528706 0.7546684 0
-0.1865804 1.040052 0.1939243 1

-0.001587077 -0.1171588 0.9931127 0
-0.9840391 -0.176537 -0.02239988 0
0.1779457 -0.9772978 -0.1150086 0
-1.434132 0.04451503 -0.3723788 1

-0.8811997 0.4669722 0.07364081 0
0.3081519 0.6855215 -0.6596304 0
-0.3585076 -0.55857 -0.747974 0
0.1887275 1.045835 0.1890193 1

-0.443206 0.006656399 0.8963943 0
0.8949595 0.06031047 0.4420488 0
-0.05111778 0.9981587 -0.03268646 0
1.454763 0.03526297 0.5517744 1

-1.192093E-07 -0.9999976 -0.002208441 0
-3.278255E-07 -0.002208471 0.9999976 0
-0.9999999 8.940696E-08 -3.576278E-07 0
2.454499E-14 0.1834703 -0.06668577 1

0.9796497 0.01667846 0.2000207 0
-0.2000484 -1.363456E-06 0.979786 0
0.01634156 -0.9998608 0.003335182 0
-0.1642637 0.2348617 -0.1715635 1

-1.202924E-07 -1 -6.726477E-07 0
-3.275611E-07 -7.024501E-07 1 0
-0.9999999 8.976662E-08 -3.576274E-07 0
-2.848289E-09 0.3051447 -0.0133069 1

-0.9796498 0.01667864 0.20002 0
0.2000478 -1.399312E-06 0.9797861 0
0.0163418 0.9998608 -0.00333517 0
0.1642638 0.2348616 -0.1715634 1

-1.260562E-07 -0.9999998 0.0005473844 0
-3.274679E-07 0.0005473546 0.9999998 0
-0.9999999 9.535097E-08 -3.576032E-07 0
7.490417E-09 0.3910912 -0.01330684 1

0.8523391 0.2239609 0.472609 0
-0.4736836 -0.05244895 0.8791319 0
0.221679 -0.9731856 0.06138234 0
-0.274776 0.2329802 -0.1941274 1

-0.8937906 0.3301423 0.3035525 0
0.3174355 -0.01244013 0.9481982 0
0.3168166 0.9438491 -0.09368006 0
0.274776 0.2329802 -0.1941272 1

-1.240359E-07 -0.9999998 0.0006672908 0
-3.275216E-07 0.000667261 0.9999998 0
-0.9999999 9.329135E-08 -3.576707E-07 0
1.832449E-08 0.4770378 -0.01335388 1

0.6477764 0.3869073 0.6562684 0
-0.6597552 -0.1458323 0.7371946 0
0.3809312 -0.9105141 0.1607975 0
-0.4344095 0.1910349 -0.2826417 1

-0.8927292 0.2336212 0.3852992 0
0.3858158 -0.04540675 0.9214579 0
0.2327673 0.9712667 -0.04959882 0
0.4421729 0.1711483 -0.2509791 1

6.142315E-09 -0.931259 -0.3643578 0
-3.493558E-07 -0.3643578 0.931259 0
-0.9999999 9.10444E-08 -3.576451E-07 0
4.609893E-08 0.5935843 -0.05408582 1

0.9724526 0.1463266 -0.1814505 0
0.1840781 -0.004505735 0.9829012 0
0.143007 -0.989226 -0.03131713 0
-0.1230318 0.5405124 -0.06355888 1

0.6390436 0.2074447 0.7406685 0
-0.718654 -0.1821889 0.6710768 0
0.274153 -0.9611317 0.03265443 0
-0.5115563 0.1449562 -0.3608 1

-0.9916288 0.1286822 -0.01062906 0
-0.01067028 0.0003688966 0.999943 0
0.1286788 0.9916857 0.001007241 0
0.1230318 0.5405124 -0.06355879 1

-0.8514074 0.22816 0.4722795 0
0.470026 -0.06770241 0.8800523 0
0.2327673 0.9712667 -0.04959883 0
0.5484924 0.1433252 -0.2968663 1

0.0002325197 -0.9372011 -0.3487892 0
-0.0005823459 -0.3487893 0.937201 0
-0.9999998 -1.483229E-05 -0.0006269058 0
4.545496E-08 0.6912197 -0.01588569 1

0.8821645 0.394993 -0.2564488 0
0.2559398 0.05500008 0.9651269 0
0.395323 -0.9170362 -0.0525753 0
-0.2074488 0.5278101 -0.04780743 1

0.6743864 0.05267091 0.7364976 0
-0.718654 -0.1821889 0.671077 0
0.1695281 -0.9818523 -0.0850134 0
-0.6376095 0.1040371 -0.5068989 1

-0.9564009 0.2101729 -0.2027908 0
-0.1961807 0.05206215 0.9791842 0
0.2163559 0.9762772 -0.008560449 0
0.2091136 0.5293417 -0.06263609 1

-0.680934 -0.02021815 0.7320659 0
0.7315738 -0.06464186 0.6786913 0
0.03360027 0.9977037 0.05880787 0
0.7164349 0.09831996 -0.3900248 1

0.0006951799 -0.9374033 -0.3482453 0
-0.001698986 -0.348246 0.9374018 0
-0.9999983 -6.002939E-05 -0.001834758 0
-7.815791E-06 0.7229055 -0.004093513 1

0.6565952 0.574853 -0.4882894 0
0.4926354 0.1633639 0.8547645 0
0.5711327 -0.8017831 -0.175929 0
-0.3088452 0.4824094 -0.01833111 1

0.6747206 0.09010563 0.7325519 0
-0.7321669 -0.04360192 0.679729 0
0.09318816 -0.9949776 0.03655341 0
-0.8142035 0.0902448 -0.6997573 1

-0.7778451 0.4334992 -0.4550106 0
-0.4560449 0.1088105 0.8832795 0
0.4324113 0.8945612 0.1130573 0
0.3190428 0.5051843 -0.03932723 1

-0.428585 0.0833073 0.8996529 0
0.8978629 -0.07180551 0.4343817 0
0.1007872 0.9939335 -0.04402376 0
0.8947435 0.1036143 -0.5817229 1

0.001317545 -0.9329432 -0.3600214 0
-0.003130162 -0.3600239 0.932938 0
-0.9999942 -0.0001022931 -0.00339464 0
-5.612161E-05 0.7880427 0.02010494 1

0.5355543 0.717279 -0.4457493 0
0.4926355 0.1633639 0.8547646 0
0.6859238 -0.6773648 -0.2658667 0
-0.3799932 0.4201189 0.03457946 1

0.7903855 0.06253605 0.6094089 0
-0.6083536 -0.03693667 0.7928067 0
0.07208862 -0.9973593 0.008849994 0
-0.9737468 0.06893854 -0.8729752 1

-0.6285238 0.6632803 -0.4062214 0
-0.4560448 0.1088105 0.8832793 0
0.6300634 0.7404187 0.2340956 0
0.4033293 0.4582107 0.009977296 1

-0.3471467 0.02407029 0.9375023 0
0.9341547 -0.07931413 0.347944 0
0.08273225 0.9965591 0.005048265 0
0.9960859 0.0839156 -0.7944529 1

0.002034549 -0.9244637 -0.3812648 0
-0.004694309 -0.3812702 0.9244519 0
-0.9999871 -9.109897E-05 -0.005115461 0
-0.0001476737 0.8528699 0.04512169 1

0.6465276 0.5887586 -0.4851446 0
0.4926355 0.1633639 0.8547648 0
0.5825049 -0.7916284 -0.184424 0
-0.4567867 0.3172677 0.09849576 1

0.9535387 0.01406896 0.3009406 0
-0.3003366 -0.03418648 0.9532209 0
0.02369913 -0.999317 -0.02837253 0
-1.134295 0.05623585 -0.9967619 1

-0.4085087 0.7109765 -0.5723913 0
-0.5718585 0.2894079 0.7676067 0
0.7114053 0.6409026 0.2883524 0
0.4934538 0.3631025 0.06822569 1

-0.6551833 0.0914522 0.7499144 0
0.7491137 -0.04985169 0.6605638 0
0.09779449 0.994561 -0.0358461 0
1.0666 0.07902627 -0.9848841 1

0.002717822 -0.9124913 -0.4090873 0
-0.00609685 -0.4090964 0.9124711 0
-0.9999779 1.41802E-05 -0.006675205 0
-0.0002890481 0.9171081 0.07161459 1

0.8402982 0.4543842 -0.2956922 0
0.3011487 0.06230017 0.9515401 0
0.4507863 -0.8886248 -0.0844864 0
-0.5628172 0.2207113 0.1780595 1

0.9969693 0.02572778 -0.07341704 0
0.0740955 -0.02654685 0.9968979 0
0.02369913 -0.999317 -0.02837253 0
-1.336487 0.05325261 -1.060575 1

-0.5228317 0.5684329 -0.6352394 0
-0.5817231 0.3067897 0.7533107 0
0.6230923 0.7633901 0.1702714 0
0.5604492 0.2465023 0.1620978 1

-0.885999 0.103411 0.4520098 0
0.4532583 -0.01244448 0.8912932 0
0.09779448 0.9945611 -0.03584608 0
1.205528 0.05963441 -1.143899 1

0.003273956 -0.8976831 -0.4406294 0
-0.007168907 -0.4406417 0.8976547 0
-0.9999693 0.0002199203 -0.00787808 0
-0.000477901 0.9805142 0.1000408 1

0.9323342 0.3592452 -0.04117597 0
0.06731012 -0.06053973 0.9958938 0
0.3552772 -0.9312777 -0.08062404 0
-0.6720429 0.1616484 0.2164949 1

0.8941512 0.03388143 -0.4464808 0
0.4471358 -0.01478839 0.8943429 0
0.02369912 -0.9993169 -0.02837251 0
-1.547888 0.04779719 -1.045007 1

-0.5140166 0.3489689 -0.783585 0
-0.6888657 0.3763926 0.619509 0
0.511126 0.8582247 0.04692099 0
0.6284092 0.1726148 0.2446691 1

-0.9965415 -0.004119426 0.08299983 0
0.08285512 0.02775719 0.9961761 0
-0.006407544 0.9996064 -0.02731992 0
1.393399 0.03770669 -1.239745 1

0.003602224 -0.880977 -0.4731451 0
-0.007722359 -0.4731587 0.8809437 0
-0.9999641 0.0004804105 -0.00850768 0
-0.000705398 1.042891 0.1306587 1

0.9413172 0.2120116 0.2626256 0
-0.2395723 -0.1284084 0.9623501 0
0.2377528 -0.968795 -0.07008088 0
-0.7810646 0.1196404 0.2213098 1

0.7123531 -0.01555685 -0.7016491 0
0.7016886 -0.003587948 0.7124733 0
-0.01360115 -0.999873 0.008360369 0
